7602
3352
6419
7243
4487
2665
5146
755
9006
6219
2576
447
1091
579
1105
2373
501
8596
7281
8061
3827
690
8547
3805
9751
12
3759
3162
4188
5897
5698
559
9221
1441
530
3494
7148
4898
438
8724
8556
8055
2265
3098
4164
6773
592
7771
2041
8456
8313
4456
9591
7848
8515
1978
2151
6398
2665
4681
435
4221
8080
1986
1065
8592
5540
9975
5645
3744
8377
1570
6126
2499
7856
1342
3310
2927
6092
3873
2807
9303
811
6957
2387
3241
8888
8585
1778
1668
8229
1296
9776
4998
9931
3670
2666
1757
4352
9093
5265
9474
1929
7539
7828
9015
1800
8468
9551
3675
4749
4015
4823
3375
3365
2844
700
3450
5523
6896
3662
1611
2019
3220
5867
4128
2121
933
7160
6459
772
2197
6050
291
7745
634
7836
1803
1731
1206
1770
1215
1723
2690
7971
7826
18
4641
2235
1121
3340
5977
5094
1442
8999
8212
2271
608
2812
293
1119
9374
4761
9197
2062
857
5378
1042
1181
7237
3023
980
8352
9323
7487
8000
1978
3197
6648
3583
5757
3011
5603
6194
9944
3575
3543
3398
8829
7863
9659
3174
5138
9493
3481
1245
4308
8950
3562
5408
6170
1587
8952
6090
3437
7933
4857
7796
3286
1076
1860
6487
2904
8183
8286
4377
2888
2581
2617
6767
1961
7262
880
4200
1455
2756
539
3207
1352
5454
5884
6722
1247
3102
2718
3163
6888
5746
5763
3904
8871
1023
5165
2196
2246
3134
5995
6918
6222
5353
2333
6032
4336
7563
2766
2445
6727
8636
8958
4064
9284
6731
5349
1616
4199
8177
2103
6372
2658
5856
776
5026
4902
93
6928
5072
1381
6629
2869
6837
6782
4715
1871
4929
9499
3284
2200
1347
101
5617
5107
4438
1782
9163
8157
3267
4924
921
1393
6264
9736
1221
5858
7783
1296
4615
7339
728
1472
8558
4511
1287
4310
959
8386
6624
4330
4376
151
1630
3233
8064
8851
1143
4074
6220
3327
1765
9668
5076
8812
6104
4829
572
7280
7241
9017
4444
9489
1250
870
5106
9514
2646
8759
1111
792
632
3188
5618
7959
5761
369
9736
2734
9331
8235
6027
5078
3491
2924
256
1422
6287
9176
2381
5651
9920
7736
2618
934
1603
8782
3676
1937
8697
2274
782
4443
8132
1506
4692
1888
7441
3788
5446
3358
5872
8133
903
1653
2313
881
5528
6106
9587
6451
9948
4549
4802
5203
8869
7894
5861
5258
8740
318
414
5246
1166
5976
5164
3162
929
6971
3105
2486
4266
135
2222
620
6149
2358
1103
6171
9556
2444
4631
4634
5600
792
647
8131
3065
9617
8292
9021
8611
6504
8284
7243
7676
5917
5160
7300
328
7515
9562
1568
7963
729
1560
3830
6509
5420
9858
7083
2965
2445
3179
6108
9771
9623
5713
3520
5009
1248
3680
6678
7653
4925
7860
3800
5031
8369
8540
7509
6263
3601
1739
6302
1665
1692
6395
541
1181
7975
1743
810
2463
3722
5057
5141
6466
3392
7620
1909
4364
4015
8652
7032
6867
6793
179
5695
4848
8695
2755
5303
5581
4866
2502
8791
4283
6497
5354
359
4547
8173
6787
8882
7420
2076
6445
6991
7699
7936
561
7337
6137
431
8358
6482
9225
8642
5699
7884
5002
7957
2441
2582
2441
8147
6473
929
1815
670
9961
6051
3265
6128
2445
2976
9890
5234
3997
8535
9364
8272
9338
7740
676
5139
8313
8811
3743
5689
7152
2643
7594
7817
6216
7207
9765
7017
9459
1173
6264
7309
2875
6954
3468
751
8142
3301
1024
9070
3747
381
4190
7563
7585
2376
5156
1696
6360
3189
3595
7369
3530
3846
9535
3784
7036
9834
4710
1503
2897
9415
3641
7533
9326
1899
7743
2005
8821
3241
5481
738
5437
6950
4017
2316
8370
487
2757
8100
1945
754
7004
7106
8763
6995
168
6180
6132
3073
266
4654
9968
3197
9320
7145
8163
5054
774
9774
5951
2161
2285
2852
2880
83
8991
7526
4000
2597
5536
4960
1008
2709
4998
460
3008
2686
633
5410
8012
1113
3212
6630
2708
1327
2396
2900
3160
6585
8629
5700
5435
1941
907
3905
9917
703
1176
9451
115
5322
4358
1907
7654
4868
1680
2902
4815
7241
3803
878
783
3984
8983
4904
7729
709
5527
7314
8734
2445
813
423
2165
2547
3217
1136
9857
4750
2222
932
8654
6525
8948
4668
2798
8378
536
1883
5938
5857
2235
7437
9638
4948
75
347
5899
5334
9628
4254
7225
8253
4254
7027
695
5797
8451
1576
5476
2736
3059
9154
3466
6644
1286
1578
736
7066
4198
44
7754
8348
9633
9491
1374
815
2601
3953
8287
6614
7867
978
796
3234
5724
7074
3510
7819
1674
1792
6606
638
4977
6346
6155
1946
2979
693
9606
7260
749
9540
5289
6667
6152
2915
8168
6685
318
2036
4678
9123
1100
7253
6838
3932
3924
4298
3937
4689
8330
5031
9582
2714
4853
2691
7963
8015
9433
4686
4479
5679
9398
5460
6053
9425
5917
2015
2739
3973
9079
1547
8773
1971
2825
9934
2741
3459
1028
8584
715
8435
7429
1342
7125
2704
3024
2357
5812
6410
5397
4867
5018
5986
9671
1437
1059
4133
6736
8519
9351
8689
154
8628
7212
5677
8200
9978
3726
1781
9570
7611
184
9609
8330
4429
6667
7337
6690
4598
6475
8624
7990
5887
4890
1223
2674
6536
3557
9794
6978
7804
7786
1730
4737
2873
9957
973
9942
8085
5761
168
2096
2458
683
9998
8352
4361
3018
6361
7181
6821
433
5697
1962
9929
2687
4917
6213
4784
6176
7511
2905
948
5690
9362
498
8614
7661
4367
3362
1645
13
60
6219
2482
9074
7282
7372
2201
1101
8339
618
708
8780
8152
9674
9257
5307
8367
3005
7943
7450
9817
79
1503
696
6856
1706
9676
680
2141
1064
6078
2563
4029
1599
5841
3620
6607
2179
7328
794
5006
524
3144
9952
5087
3344
1431
6398
8991
1672
9020
826
5041
1340
3950
6538
5994
8607
7302
994
9180
1004
5705
1752
2090
6974
1161
3916
3137
7654
8203
8073
4995
3095
4373
9184
4385
7902
4575
1338
3484
4902
5085
4565
7324
7484
1005
4904
6174
1186
4407
8720
8191
253
2519
4778
9419
7325
7981
8930
1034
2293
6574
9004
6125
6508
442
6860
1034
9358
5520
1912
7322
7300
272
7224
8476
9826
2082
7000
4690
9751
4921
3769
9609
833
438
606
4883
1051
3182
1709
2305
3713
9318
6173
2736
6746
3698
2711
7579
8172
3405
9540
6319
4676
1828
7213
8305
7469
124
8951
3900
6275
3869
5244
6256
1641
1189
7774
5653
4154
7699
4404
8709
9931
3138
3085
6972
8027
9999
2500
6780
7587
9034
8448
2559
2646
6800
1976
9603
9668
2859
275
1166
8773
938
5771
7691
4729
9142
1949
4510
6237
8319
6981
9863
4262
2551
837
1495
6256
1569
9772
941
2155
9846
3517
4089
9169
114
1193
4907
7438
8165
669
7197
2206
7674
5016
8212
2975
5895
5487
721
1299
7143
4749
7596
6039
5725
6605
5812
8006
9154
4626
6728
650
7560
6
800
1901
4906
3252
8100
2940
7493
7345
6098
513
2429
950
4883
4657
273
3260
7126
7481
2100
2902
5427
4525
8813
4918
6255
5358
4513
805
7150
8494
112
6412
7738
7626
9487
8112
1968
614
3074
7912
3939
7655
1183
337
170
5919
811
574
7004
9871
1024
141
2230
9856
6543
9993
3739
3191
6063
5027
3986
5818
121
8965
3108
1838
2364
5967
3775
9499
1234
4383
597
8624
1962
891
3471
3923
3003
1806
8709
9478
5322
9597
6603
6952
8582
1136
8313
9702
3521
5624
7531
8553
7469
5729
3220
2344
2777
9183
2557
6159
8630
6762
1075
4593
8694
9365
1617
7234
7298
712
5182
6646
8621
2192
9592
5048
8508
841
796
7936
8276
2836
8073
1128
4998
9977
8349
3241
431
812
8511
631
4700
2889
4618
2768
5580
9279
8154
8883
6462
5746
7481
5563
870
5221
6389
944
4518
4410
7064
2722
4433
9700
280
6994
2944
7181
4880
6951
3330
5237
7152
7137
6673
7400
6698
8521
9013
4895
9833
1337
4059
3480
4525
9189
2265
6319
8470
8400
8288
8704
7039
5665
6245
7869
2109
5096
889
8628
1195
1640
280
923
3682
6862
1069
4407
4484
4440
8883
2049
8225
2395
4142
5954
826
4736
2093
1236
7797
7517
8192
7748
6246
1983
3082
9135
1482
7970
2191
7357
6591
5077
5280
3857
5289
646
6059
7559
8239
8866
8787
9558
188
899
4861
6499
8494
4107
5117
5028
6490
9875
321
1171
5259
112
4393
4212
8193
9074
5557
6200
2990
296
9106
4458
5196
9406
4829
3094
9647
6670
8277
9864
3688
9672
2355
3218
6800
4582
1015
441
682
420
7836
3054
2372
4157
2703
4096
9284
4974
9639
7589
4435
4210
3856
1223
8360
4018
7889
7832
2607
3993
3935
5405
3094
4853
3093
4560
2787
1551
1435
4416
4094
3736
8889
549
3445
9412
2608
4854
1903
1404
6472
2688
2645
3253
994
6899
7985
5460
5777
4868
3050
1837
4892
1478
3573
6178
317
9168
3207
766
5787
405
6278
4400
8097
4839
3415
2796
6637
4297
3963
3799
9795
2888
4314
4676
4102
5346
4785
8043
646
4776
4617
195
2095
4320
4133
433
5236
4151
7793
1774
558
1499
9617
5150
9377
5438
6292
8
7187
3423
1963
4347
1785
8770
6661
5053
5232
7015
2905
8502
4692
2912
5714
9058
6194
6767
7655
8249
182
7671
6807
3144
797
3308
3480
1843
2247
2094
9701
8560
3488
3376
1743
1702
5152
1567
3130
8363
5559
2540
5108
2716
5735
7534
8169
4634
9462
9617
4320
946
1436
6628
3117
7532
8874
1444
2873
2468
9497
5856
6958
8883
3836
7896
1847
4919
6406
1991
9354
151
1017
286
8569
989
9082
4978
6672
1983
84
1370
2281
457
11
6492
807
331
6529
5873
2950
9745
940
2610
2404
1205
6043
5503
6718
6595
8007
3469
6574
6198
8948
1678
795
4898
3781
8738
2298
1600
1158
8375
8684
3273
4855
4901
1884
8277
9265
2307
8985
4766
345
2562
13
5172
3463
3967
7796
8712
3186
4722
5851
4770
2204
7063
2362
5342
6412
3028
2488
1242
8324
4335
3921
4088
1193
921
323
8477
7792
803
1229
1354
5546
9695
9611
8328
3771
4253
5150
7725
6796
7632
7243
8374
4059
9371
7324
1365
8238
8718
9719
5637
9584
4441
6240
4542
772
1683
7795
8765
1949
5903
1974
1319
2242
7242
3117
1179
1548
7255
5289
7215
4426
1259
7971
1213
6213
14
5069
19
534
3632
1481
3051
4583
6558
4190
3169
6140
5856
7556
5289
4334
3134
263
7461
183
4442
6536
1077
5630
9329
8750
4143
594
5096
5864
9773
6021
5750
6117
1445
5273
9194
4531
3492
6468
9025
2219
2027
2358
3523
2625
4742
78
8365
131
1965
834
3693
6457
1488
1167
2907
8258
4592
6510
8237
6425
7674
7697
5605
2874
5374
1747
1379
593
7063
1376
5936
7772
7506
4959
3931
7756
6848
748
3661
6283
3839
6314
6737
2029
4343
551
7214
4404
3154
9404
7561
2586
9706
195
1043
5985
3820
3882
3279
8970
7597
9093
2155
7183
6516
4021
3961
1673
5958
2053
1223
6130
2327
2441
9219
7850
8104
1821
5643
4914
1455
5525
5762
8522
9586
1437
5423
7304
8176
3690
9351
3874
7308
948
6687
2313
9853
1669
9450
5499
2780
8908
6982
6970
3279
3478
9973
4039
4471
9572
7974
3032
8566
8176
67
4345
1411
7355
1652
6947
8218
6882
7224
7962
5218
7234
5305
4395
8917
7371
2326
6111
5627
8140
5478
2787
7086
1732
9180
7565
813
1501
8416
4361
8907
1662
1347
2660
13
9945
6012
4970
8006
5577
6271
6035
5427
1716
625
6601
2666
6483
8229
5418
9058
1937
8244
2267
6092
1962
8134
4867
4789
9600
8214
6623
7756
523
9532
7026
1690
2235
1641
344
3301
4350
9134
904
1507
688
8317
4548
205
42
711
3521
4757
6340
4659
4933
4599
5514
8376
8825
1378
8329
1800
7289
1163
2671
146
6203
4160
2891
8837
8513
9414
6338
1094
3992
8912
5754
7240
9634
8940
7536
7802
7993
9677
1442
7212
6616
9627
6736
165
7673
9713
6619
9988
2593
8708
354
2761
5742
2395
2181
103
5694
7
8156
9318
7378
3310
3367
2216
769
297
8856
515
3817
3692
6831
4718
2031
6822
8975
7833
3948
4379
4242
1831
3850
8714
4712
2523
1284
5265
2325
9837
3585
2386
9815
7066
2122
2362
7839
2004
3461
9699
7738
5539
169
1717
4256
9557
204
7629
2765
8538
7691
2854
2865
2076
2603
7839
3497
7761
6648
3844
5167
6585
2450
5889
9610
6131
5267
1325
5714
5884
5787
4279
1705
5055
3169
3348
4853
7198
5000
1387
7719
4297
4535
4966
4910
4878
8968
3478
3275
4028
5961
9185
3476
473
7846
3730
5946
3652
2944
1172
5363
8560
7067
1214
1093
919
79
6177
7648
2834
2283
6309
3535
7094
130
7176
1713
147
4499
3342
4235
6554
1055
3349
9733
4287
4041
104
9576
1609
4035
3281
5666
2003
4472
3829
9016
2058
3536
3738
9327
4215
5856
3093
7145
6599
1312
6956
3067
9419
12
8553
4105
1560
570
1480
7440
3018
5178
5750
438
7582
9575
9564
7235
5428
6077
6477
6275
4157
4511
9159
7554
602
3535
8774
7368
8652
4759
1406
2953
6158
2209
6786
1490
7088
1195
6530
1358
4303
8079
2641
8039
1253
3688
5167
1249
7470
3666
6698
7823
3608
2746
3908
6844
4608
1663
8273
2604
8792
9773
4066
5323
5878
4811
2463
5448
3002
4126
8559
1921
3495
8771
754
9170
2048
3703
9084
8776
5684
150
1269
2123
4987
1426
2106
1514
6044
9629
9949
4661
1268
5312
6907
7858
1000
7328
5513
560
8196
4822
9341
1313
2930
2192
666
8232
2239
8615
7509
8095
2492
920
300
2270
6678
8497
5616
891
5912
4075
9467
4577
7047
9730
4538
4068
4912
422
9777
7165
624
2335
8798
4145
9667
9881
3527
1039
9807
4473
6967
6256
7265
9671
8748
8346
4977
7770
1387
2744
8587
6712
6797
1240
289
3157
2477
7415
5759
1365
2108
5134
7394
4410
2797
1784
9772
5965
3375
2380
1364
2281
5631
3130
5959
3127
1564
7191
2960
4549
2248
9171
979
8921
9135
9648
4170
840
6707
2024
6507
3887
7339
7412
5022
5330
6248
4029
8125
3366
5179
4506
7875
6063
8191
8025
5973
7788
851
8452
3963
9360
6877
7290
5582
2352
4924
4807
4195
9629
6054
2267
7318
1612
2345
7217
5189
6532
2994
4423
1150
7710
4508
2330
4513
7712
2884
5049
1545
3626
8431
7287
7541
2060
9165
3331
3038
113
3869
1478
2556
436
151
3299
6587
6462
4206
8403
1376
6642
1360
9239
2273
6344
1197
9312
1700
8975
5550
8217
1594
2667
4008
6935
8934
8609
7508
8284
6148
9957
5064
7741
4591
4008
7566
2455
5086
9740
521
9369
17
1241
7826
6681
7078
2171
1017
7410
2405
2422
9287
679
8263
4742
156
7191
5848
2360
9168
5982
8248
9839
3152
1599
4589
4750
6681
8711
1160
2595
3202
9552
5228
7016
7531
8819
1357
426
9510
4437
4131
6975
7493
9355
4868
8199
6805
4840
3922
1575
8116
4791
1718
9052
6407
4272
9500
9608
245
8715
2932
3046
5327
3188
1901
1386
1014
9394
5699
5450
6520
6609
9347
9368
2029
8219
8926
5171
9758
9297
6041
5924
356
8541
2303
9152
3975
7662
2795
7009
1677
6288
5921
9908
1523
4734
7049
3875
2753
3669
9917
7416
5393
1975
9450
3796
3076
6288
6724
4577
3631
1275
6667
2605
1499
576
8019
756
8505
4165
380
7804
3566
1353
1031
5892
5357
7135
1936
808
1882
4149
7641
2565
3184
1251
6467
6402
2092
8560
3646
2748
7566
1873
9484
7347
8989
7905
6966
514
4386
8110
9874
264
899
1050
7487
1551
27
7440
2420
6681
4475
7354
7243
2025
6281
7536
3084
9613
805
7366
3901
3981
6352
8469
1949
6334
1896
1447
6117
309
2319
4794
8685
1818
780
857
5764
2372
2088
3746
298
9369
2700
5937
2682
9390
5818
5863
3094
8681
3512
860
1050
8353
2703
2950
6504
639
1972
8331
6253
8211
4141
8008
6309
5800
7641
4439
4680
6501
3373
3006
5807
7959
8569
7799
832
9732
1089
8310
3919
6405
3532
7903
1980
1592
7549
1082
7224
2480
1784
4225
6016
1604
9049
4124
3900
3890
3591
5279
7005
7886
2346
1288
1171
8712
9525
4830
1015
7431
5616
4424
7032
8098
3385
1198
9634
5627
5053
1078
9871
4503
3850
3831
3340
876
617
1568
571
9071
5172
5389
6143
2970
4362
8153
1054
4352
6036
1701
751
5008
9325
8343
2858
7917
6968
3038
9855
8318
7344
4256
3189
9358
3903
1088
3036
9192
5053
1347
5679
7627
9358
8669
434
3680
1936
7241
2097
3995
5679
616
6420
2519
1796
5026
3984
4202
8276
6978
2741
4039
9069
1655
6045
7105
5149
8369
946
1138
9842
9501
7770
7607
3577
8442
2993
2027
3699
7478
7222
8404
7875
9385
4636
9763
4621
969
9390
2796
8832
7409
6261
85
1805
8143
5131
552
7966
8393
91
664
7495
9433
6491
6429
7129
8163
3239
1503
829
8560
7399
2847
745
2330
7613
1415
8819
7563
3440
3606
5057
3539
7641
8926
4550
9735
3450
5075
2460
1041
8523
6505
7633
3257
9863
5900
4531
2554
8477
7507
1912
3566
2593
3485
4023
8581
4532
9713
2599
8090
7852
53
1252
8812
9283
304
9173
2697
1702
5902
4700
5683
3627
7020
6525
7641
5085
6773
3614
9482
3848
7196
358
4808
9724
9832
8764
6581
1432
7199
3868
1171
3436
1102
4202
6418
2987
453
9921
6085
4757
9032
7654
9832
9570
2088
3374
5356
1628
6881
3931
4609
847
6922
8499
4231
4010
2395
2179
1503
556
1426
9686
3281
8016
3556
8071
566
7695
3890
9625
4017
5588
6960
9237
4572
4586
1425
8926
556
3950
7935
1400
1666
2210
6450
7158
1098
7836
8449
3502
7935
435
4106
2683
8879
3337
6552
8994
286
4386
3380
6430
4713
2996
8677
7939
4328
1196
1647
1430
1991
8655
2267
1356
6256
628
3475
363
1480
1840
2966
8833
8993
7826
5039
5077
389
2449
6137
8650
2848
4946
6701
4659
7211
6342
2840
1465
5070
7666
894
3601
8343
6589
8800
1708
6815
3486
2260
6996
2880
6304
4236
3719
7841
7021
367
2934
1272
1192
1790
2358
6950
9700
1243
8475
2029
1344
6897
5575
3234
1535
2315
4633
7669
3804
4821
9910
9616
7671
8037
9186
5056
4319
6426
186
6538
8992
2110
9969
5715
8649
1001
7493
7101
3619
7603
2342
7933
1885
957
578
2177
4491
9100
4814
2787
482
272
3087
8323
5500
3622
356
4135
336
9278
8918
6123
6738
7588
4736
8180
446
4274
2225
5844
3613
8198
1408
6618
9427
3379
5733
7723
8878
6439
5230
1079
3623
1907
3558
9249
7291
4948
324
8153
5901
2339
9836
9283
4925
3948
1406
910
8950
1070
2619
1451
8894
1891
7104
9798
8819
538
8307
1313
9470
5319
9937
1136
4825
4250
9902
3034
2424
6440
294
8435
3140
4206
6870
649
2590
1375
2727
4300
841
8922
7516
30
9074
4360
4645
670
6523
9038
6643
9562
9960
2519
974
4791
4227
1552
3789
3239
7092
8707
1493
7200
7193
6138
1527
1263
1190
1671
8053
6388
8976
1968
4870
3226
5180
9267
5728
4376
4293
6742
9135
3486
8608
2922
196
3349
2339
44
5720
8191
1980
2997
1517
1327
7837
4879
6503
6971
1374
1145
1914
80
3917
5318
7901
5843
4588
1036
8687
563
9670
2184
7860
5443
8107
5342
4239
1820
7196
6054
7356
5207
7962
4165
2496
8985
6324
384
8956
1207
5418
2118
7592
4575
9849
9193
3248
2527
904
4005
2633
4624
5597
826
1833
3632
3272
4258
1781
3432
7031
9766
117
9464
4204
8170
9388
5066
1499
2368
7566
2620
6739
1102
1296
1333
4928
3954
4260
5227
830
3504
8451
3742
2806
4509
768
6776
5749
6828
5361
1419
78
9423
3791
804
5780
9469
9931
7505
3118
8746
9093
3280
8606
5882
3637
5103
1640
6461
6871
5788
5791
6581
9048
2133
4305
7785
611
3931
8193
6432
1590
4452
4290
8058
8828
8477
9252
1665
5429
3980
466
5189
9815
2530
9699
7342
6028
3902
8868
3880
7367
6641
4772
1624
7348
5490
5683
6593
1673
1448
9861
7779
5700
7406
6988
5333
7520
8946
4216
2700
208
4110
9973
7233
9516
6353
7679
8773
4475
7921
8030
6284
2573
9764
7799
9602
3322
9320
4914
9774
6669
6639
4122
2601
8298
7052
3876
7640
9246
4204
9239
3489
3150
2714
9317
7101
2205
7644
8404
1959
5330
8886
4893
3495
5755
2399
4505
8794
4963
6597
9950
1663
605
6054
6031
5421
2334
7915
1693
922
7837
1003
2061
8841
6328
5941
1570
6184
6565
1971
3195
9271
589
2986
8120
4421
283
565
9782
7100
5919
1900
3355
9472
2737
4155
371
2531
6072
9686
5226
69
8858
9826
6328
9686
2533
8078
9857
8076
4044
876
1432
2466
5466
505
634
9367
8662
8095
2941
2879
9418
5849
8525
7592
3932
4546
3793
2189
8856
9399
6288
2621
3932
689
4298
2767
7297
475
2270
8083
2021
7784
4551
3680
3762
5515
9683
4298
2467
4581
9545
3875
1439
2900
5053
2333
9442
9023
68
20
3449
1887
6529
5749
9818
8158
5089
5083
7543
7298
7276
5
4349
9169
7949
7380
4782
5110
9534
8852
2801
5156
1544
4194
2796
7201
6558
8013
524
2050
292
7878
3306
4755
4260
7659
4386
9438
1118
9031
46
5414
28
5384
4314
5249
954
4640
9877
4877
5636
6857
265
2402
1924
3785
1730
6778
3258
6792
9930
3569
6566
1709
7856
1918
6688
8778
9221
2596
4614
8717
2645
8690
3993
2980
9257
3603
1547
1644
453
9408
286
2024
5862
2391
5370
4006
6221
4219
8748
3718
3149
3232
9747
364
6304
6981
1811
2602
7324
8520
1113
196
68
4990
8907
9633
9202
2679
1645
326
2086
5982
4370
6805
2152
4945
9909
8349
2508
1232
3155
1012
3193
8250
592
5785
9542
8201
6865
5604
5641
8023
9300
431
9726
3874
2989
105
4081
547
7982
3378
8314
3934
4874
3516
5054
6770
8109
4720
468
3433
4836
7736
7820
639
9727
3939
5280
6257
5058
7031
1269
3206
9616
5927
1207
409
7665
1872
9143
1006
4223
3810
5220
1556
6667
5626
8089
1264
1962
6702
8782
4483
4852
5298
8433
9027
6879
4233
4536
4345
2889
1250
1973
8400
3214
6866
9033
6586
4530
8826
5148
5233
137
6373
5192
6469
1922
7032
6287
9970
3230
3474
1478
6390
5063
3951
9503
3948
8819
2504
4069
2579
3129
8923
122
9248
2758
7875
6360
6183
4700
41
6965
7632
4593
2663
2811
7846
5316
6470
6860
324
3958
3708
5396
7416
734
5249
8180
8656
5118
8369
4221
1924
1280
5557
6147
1527
4215
6520
1798
4039
1995
4808
3038
4225
8508
7204
1921
8688
8085
3646
8184
9436
8245
3601
3483
9963
2141
2361
941
2507
5748
5740
4971
6287
5900
1866
4369
6393
6277
6244
9427
6031
3462
8735
3439
8947
4303
8360
1105
9822
4865
4258
1027
2639
5225
8783
8638
7113
244
9123
7830
7010
9970
1477
9506
4767
283
9213
9949
4370
7427
5256
8139
8471
4836
9587
6741
3189
1381
265
9011
8
9518
9079
7407
3840
3606
1161
3405
2223
8341
4243
7666
5261
3597
2976
9893
9696
1037
4516
5543
4150
2587
3393
4441
8109
8761
7531
619
9107
8496
5238
5980
5006
7593
4936
1817
7812
2728
6756
3790
2752
8168
8436
5147
1356
2026
701
6654
3138
5407
4098
1433
181
5352
9446
6673
5992
8434
6082
4880
3558
9277
762
9067
2404
9230
7975
3157
9162
4347
1826
1110
8084
8486
9520
1174
6758
9755
3829
9585
148
9383
4539
6396
3126
4519
6570
2201
8336
5653
9001
1196
6520
3121
51
849
1358
4497
2815
5052
6080
4525
7186
2778
538
3148
9831
7044
2213
8681
4451
5241
9023
7411
6497
4761
8807
2400
1309
2349
7807
3804
8104
6597
2522
2882
3036
8507
3936
7336
8728
3224
5470
2179
2451
2130
5418
8100
1678
7286
4891
1019
2619
6265
8947
551
1299
6006
2094
3896
3086
2535
3676
291
2024
6594
8192
7380
6896
4763
9704
7373
3084
9509
4745
1516
7476
7251
3185
8749
620
9267
6721
6354
1300
2288
5116
1025
2630
8977
3565
1550
7674
2855
8175
1814
645
7441
8632
7475
8976
1172
6587
3120
1883
8092
1554
8569
914
8018
3353
9839
175
3132
618
7391
4028
5933
1830
3665
3089
574
4755
7942
3098
5575
7872
3726
6125
3237
4011
2834
1381
4575
2003
1730
2063
2150
1250
2661
3543
9361
4465
2182
5673
2919
5709
5038
8248
8159
7910
8384
446
7022
9520
696
4980
3858
4597
6189
8350
5345
7881
1746
8795
8592
2966
9969
5801
6788
2664
1347
1666
1778
4761
6380
161
9409
4528
9364
3204
8234
9117
2862
869
5572
6750
2543
7168
6932
9719
8797
7102
1499
6642
5073
7527
7152
5327
3410
4625
3891
4314
6608
5754
6995
4334
8317
8908
904
5615
8418
94
4523
1187
747
3080
2951
1001
1968
9954
7468
6812
1973
7258
5326
4189
1384
795
70
1136
2340
7611
7116
8430
5494
365
3370
6136
5336
251
4565
3970
9913
5999
6797
4817
4139
9323
9284
7554
5568
9750
2886
776
8491
8923
6718
918
1187
3314
725
7691
9199
770
2995
1098
5413
9021
763
1725
41
5229
9643
9799
5973
2421
7353
7714
545
4298
7651
7807
5173
1702
5421
8903
73
217
904
1251
9086
1325
5877
6900
793
8809
9587
4119
5474
877
3665
1372
7028
7093
5008
8087
2764
9717
6577
318
3954
8642
9270
58
5199
1419
6422
6033
1877
6823
966
562
2119
9630
7795
5992
2512
8249
677
3816
4616
6427
9523
8862
4767
4505
2537
2807
7212
6892
2353
6501
9244
3303
967
8700
2049
9945
1518
9731
8674
7601
5325
1729
8372
3586
2805
1235
8899
5527
4046
8391
6709
8569
4960
5899
9092
6624
7883
722
8331
32
5137
1977
2227
1302
5819
9095
8286
4021
9453
3848
7084
9170
3522
8606
7902
9356
3122
1500
458
3823
3032
4896
6626
3638
6139
8262
1563
4892
9452
2230
5033
5065
2080
8259
3078
4158
8089
967
3702
1173
6317
4705
3194
7449
2210
3493
1139
57
4988
6692
924
8691
3253
5068
9160
3823
6419
7612
241
1590
756
5941
4147
8502
688
4961
9595
2490
7907
747
2709
5328
9648
611
4799
1920
6464
1022
9062
9362
3820
6948
1816
6288
9948
1073
466
1276
3
8415
94
6187
6780
9573
3210
9972
2303
7340
9406
1775
1464
5818
4921
1677
4664
392
1054
1932
5832
4123
4517
5132
6975
9044
1645
6270
3916
4719
1537
511
1906
1712
7051
6555
7090
3977
4563
3372
9687
2567
4642
4280
9551
481
1852
9364
1328
1779
2526
9530
9595
1896
1650
3046
2081
4002
3069
8842
1666
3528
8307
674
8842
7035
9784
349
9854
998
6888
9583
302
1917
5072
9497
9133
4172
5580
9377
14
4541
1926
1127
8378
235
8001
9770
1502
2331
1403
5017
2977
110
6792
3383
4755
4065
892
5042
7882
4093
167
1146
4587
1134
1699
9721
7453
298
6530
3775
3246
1613
2559
4354
4027
445
8669
9
8104
7640
8640
558
2593
4993
9165
5583
8553
4440
5920
8846
4428
8163
8801
5454
6305
7143
7431
5707
6434
6067
9606
5100
5996
7257
8844
3958
5751
9274
9081
8164
1632
6484
1626
5632
3207
6991
8552
7971
4566
4608
7459
9277
3829
329
4128
6916
2315
7190
9280
427
129
2494
4439
9950
2502
8547
2701
7101
1251
6275
6282
3873
2680
4180
597
8835
955
2742
5145
6807
3738
3874
3756
2461
7923
2250
715
5810
8538
7867
983
9149
8744
3177
9428
6248
600
7565
3340
6594
5959
5683
5244
4328
841
8629
8714
9441
1853
4476
3556
942
461
889
6568
2221
4899
8463
5799
9665
281
7997
6300
1352
622
2689
61
5708
9996
4876
6348
9959
1365
8503
9278
2878
542
4993
9195
931
4775
714
9893
9681
4809
3451
6912
4109
8945
3261
2567
5683
4763
374
5281
1170
3428
9417
8084
5907
5918
5513
2425
3748
8345
9169
2711
2963
6457
3151
2023
895
1875
4269
4143
6803
2130
247
4972
1189
5044
3875
478
6173
8539
7158
6471
5250
7399
2264
3028
7613
2635
8343
4020
6607
2021
1271
7449
8915
4604
7387
4855
2068
1240
7783
3236
887
8238
720
4979
3137
176
3589
9929
5300
3322
6700
1507
6233
3755
588
2596
9586
1845
8034
3846
3693
6841
6698
2855
7208
9899
5405
9107
5550
5143
8916
1576
4277
456
5512
9376
9759
9824
8141
2659
9186
9013
8689
6722
2562
9092
5772
8938
6904
6386
7958
8079
93
9720
9009
4133
264
3858
6877
846
2952
7051
1533
3145
6089
577
7823
3443
509
9437
5883
96
8099
8544
3977
4491
1335
8344
4959
2990
9163
3635
886
4647
1892
8138
6073
3043
8483
36
6443
4719
5157
760
8460
919
6559
5805
5137
4371
8209
3856
6547
8393
617
6836
4679
4162
2681
8810
1492
7671
9172
7420
9252
2688
1322
6405
7860
1635
5546
7511
6624
3661
7462
1569
6478
9228
5431
3783
2624
9988
7116
1207
7247
9764
2909
9999
2917
7901
4136
5752
2163
7933
8702
8578
4481
590
8214
9637
5386
1860
3550
3144
5224
5085
9360
9036
5955
3834
5961
6013
1198
4356
8169
1372
6804
3141
6664
2515
4462
9251
2725
5267
3309
1209
895
7125
7888
3211
2614
7038
3355
1417
3331
8265
3928
956
2892
7341
4639
4742
3997
6706
1954
7580
627
5766
8263
9318
9239
5273
4522
8125
2940
1640
361
2602
8563
4933
6983
5435
8916
2932
689
3771
6416
1822
9439
1022
6725
7296
6415
9699
3857
4699
7652
1785
3855
1358
2046
4601
3770
4772
4686
9658
6820
8524
6176
6543
6690
9776
2915
3123
9435
3186
2081
9000
4721
4480
294
9464
4159
9709
4389
767
4477
7602
6946
3863
1293
8233
6941
8125
7752
1093
5402
1998
1207
2124
905
9118
8743
6352
1625
7934
6811
2927
2994
3385
2814
8000
2553
9584
5750
3669
1958
7199
9646
8773
1311
3911
9193
6747
3424
930
7166
6469
3944
5929
7218
3564
6872
227
2677
4625
5729
7610
294
9963
6862
6816
1788
6521
1042
1169
6972
6372
9047
1002
8973
1357
1307
1662
4734
7601
6461
1948
7283
3257
4170
679
9686
1667
8233
743
502
5614
1240
4643
8011
799
7548
9634
105
5463
0
9189
1304
7734
9451
7082
8497
1029
7671
4568
1786
7289
912
8913
457
3017
1986
2053
8570
7174
5723
2323
4652
9412
1362
1009
8687
4985
5078
4997
4620
885
3037
1133
9366
4775
6478
9722
1184
1454
9894
5413
6531
1425
4194
1334
5711
251
7937
6814
4383
9399
8684
5587
7150
4052
1614
4935
386
8865
2526
7329
1582
2262
1996
7678
6912
1726
5889
3186
2253
1389
4638
7937
4992
8752
8534
7015
5816
5878
5012
30
1320
2470
1731
3625
7960
9758
7805
3902
9400
2246
8447
2938
107
3774
5378
3077
6342
1091
8250
7394
9261
117
4022
9295
1523
3181
9471
6731
4698
6419
6356
2852
5134
8998
6136
8979
5568
5801
4315
5834
6788
8157
5511
8876
7967
3460
7032
8078
5576
1834
1164
65
4016
1568
7720
6048
4139
2373
7160
6554
7388
3353
1938
7679
2331
5493
9202
4274
2949
4243
7782
412
1065
1879
6724
9254
3821
1824
8319
4574
8482
9577
219
9356
1088
5170
3189
8128
444
698
2701
9711
3786
5831
6980
8284
8900
8700
7541
1512
1469
224
8486
1199
9545
5227
4149
8991
6031
7032
9013
9903
5326
2217
2595
2507
3606
743
794
8176
8667
447
8681
5706
3240
9946
3096
5197
5874
8808
5125
3432
5146
3875
8317
8923
6209
2715
3681
56
3512
7184
7868
1131
64
580
4520
3461
8831
8931
7106
5730
8800
9249
3659
2400
6558
990
881
6424
952
9728
2159
269
2643
3952
1828
2822
6724
3408
1728
1332
7667
8946
113
4157
3634
3799
424
3814
3166
9859
5961
283
7576
4184
6267
2937
9998
1731
9900
5908
1935
2874
6942
6029
4364
851
3973
811
6549
996
8357
9698
3962
4969
8445
9814
3368
7634
5394
7100
9867
3826
5969
9897
9755
4060
1757
8932
9862
4728
7486
8510
1466
7717
8420
5227
8344
8259
3663
6960
8289
3928
8387
7885
1140
1817
17
1823
8466
8500
3828
7922
4428
402
6983
2519
4936
957
7298
9182
2
4360
2834
4160
7910
5896
2295
5051
5904
7637
3032
7886
958
1165
6948
1488
2602
6582
7419
4847
4438
4962
7083
7338
6903
8264
1846
2037
2107
2597
5740
6521
4627
60
9557
6962
3522
9985
6463
9697
7900
933
3178
9942
3037
4933
8396
160
9960
7462
1684
667
7180
9406
3589
1849
2572
7379
6047
962
4397
1634
3944
8826
9891
3422
5118
4498
7510
3996
8542
5830
575
5882
9211
7598
979
9896
9844
182
4271
443
9418
2086
7058
9681
3341
6330
6122
5286
4946
2454
297
8237
3379
9746
620
4787
1257
292
9703
3739
4293
4658
441
3418
8092
5557
7557
984
9266
5259
136
438
5098
9939
6605
723
1392
8530
6990
3511
6321
2309
7749
971
4912
2635
6024
1181
1420
2484
8575
6573
1914
6566
7391
174
268
5570
7493
2200
6231
5960
1576
4841
8388
4372
4334
7209
6874
6454
6937
4187
5427
7150
5849
1464
6537
3751
1232
1144
4657
5378
409
4117
122
422
7467
8152
4995
8130
1772
842
3480
4998
4896
3862
9673
9109
7113
3312
5336
5453
2299
5371
4138
5740
2126
665
5281
4876
7771
2537
3062
1143
752
6365
6963
5325
2738
8856
6226
2671
6144
5258
7479
2638
7681
9332
197
2687
4189
7185
8126
7587
8806
6088
957
9700
5424
7673
3667
479
4751
2089
1071
7173
527
2160
7495
3017
4206
8915
217
2983
3997
7638
575
3175
5551
8788
1026
2585
7236
4841
9122
4530
796
6152
2124
9866
8301
6680
7022
3115
2383
2483
5908
4587
6632
5556
9096
2678
1147
5639
9347
270
3840
3284
1192
3321
820
6629
7794
5490
8068
2261
2264
4620
183
1609
1004
9349
7647
7593
720
3722
8271
2405
8937
9049
9791
9828
115
9503
4787
5006
1691
1680
2464
6567
2167
3867
8983
8409
7070
7120
5577
6385
8477
740
9096
5263
8720
7464
3304
3989
2445
7810
5437
9450
5005
7690
8956
1280
5407
255
8476
7459
6473
9972
5404
4608
3041
2575
7924
2467
9280
1677
5962
3434
6204
3113
3366
4986
9588
6265
5740
4819
9293
5
4552
3943
4844
8938
7714
2360
6881
9615
5838
4910
3095
1176
7149
2929
4430
3639
2810
9246
5933
2028
3026
3737
123
259
4634
5909
2357
4785
2572
1538
1879
9298
1468
9245
2119
5779
5334
4362
5426
2105
5659
4512
3886
6760
9701
8839
9951
5172
757
9113
3409
6716
3842
6691
8492
1903
6256
1056
7774
6652
6101
3764
8953
9550
8647
3756
596
4376
590
9854
1970
5436
1700
4335
3791
9497
1902
9447
7934
8524
886
6389
5691
9983
4542
424
8021
6242
3040
9012
8712
7378
1298
6736
9578
7272
8646
7458
3803
7734
41
9881
5860
8927
3081
8859
4323
8208
9107
3963
1762
2801
6691
3200
7184
4303
2252
4088
3498
2831
911
3668
5070
5724
7794
8757
7919
8212
2018
1307
3480
3844
8425
8245
5173
7921
7055
8098
7947
27
2683
2046
550
2631
6752
7636
589
1518
8558
6701
5875
9263
1302
9873
7464
5705
9099
3197
4553
7735
4678
5720
3899
237
8658
7887
4420
2600
2973
1139
1220
417
1004
4924
7856
6254
8250
7484
441
5001
3513
8385
7442
2335
3927
3487
9173
1302
1987
7657
2815
4557
2911
3417
9989
4506
6114
9175
8737
4740
6756
2213
4212
9349
2670
8490
5191
2055
1325
6160
6539
5971
1963
9676
1867
7386
310
1928
9363
5788
5469
4976
5333
8176
5833
578
6394
8165
8164
2451
5354
7376
1239
6747
8462
2455
7658
2029
5356
8266
8442
7437
7487
8052
1160
9202
3536
3801
2192
6974
1685
6766
8115
9271
9548
7900
1299
6244
1374
7712
3997
441
6691
2199
860
7552
292
383
9159
7472
9272
1110
6504
6938
24
8522
1781
8924
8969
8844
7603
6785
2678
339
2869
2225
9631
6695
9669
2100
5687
5758
8019
9077
9428
3893
8011
4848
742
3334
2151
5460
3234
2653
4024
8856
8204
8078
7409
178
692
8566
57
597
6989
5550
4462
5129
829
6000
961
9957
1183
1474
2202
7637
6059
4406
8606
1903
1394
9737
1117
5187
3387
1254
913
3529
2434
8036
5840
4546
3420
9458
1971
2796
5997
6567
1731
6119
4256
5921
9645
121
5037
5896
9394
8192
3119
8390
5498
9283
5581
5201
4715
5399
9164
4820
3738
6371
3635
4927
5363
2336
5219
9308
4492
8423
5859
5264
9663
1876
5283
9705
216
698
3848
3581
6877
5801
3128
8580
5630
3730
1433
6320
3633
968
2924
9328
8755
1733
1592
2618
5531
8305
410
2258
7625
500
9573
1720
470
9156
6054
9478
5207
9793
7651
4621
2644
9001
9370
5127
5680
4896
2839
9951
6938
5191
2600
3239
3885
9673
3723
5281
1395
6967
8876
80
5754
5735
2997
3890
9554
7717
6554
6173
558
2339
7435
4587
8165
3683
4147
3202
8735
5463
6004
1137
4850
9657
1666
770
2285
1124
8095
123
2224
9512
4285
3514
6162
4071
8828
3489
9637
7527
1173
1588
1766
2801
9133
24
7818
1479
3390
9547
4844
6177
1216
2854
6484
6661
3988
8281
512
9594
8250
3479
6744
7173
5535
7874
8867
4458
6966
2486
5430
7189
710
8812
8780
5450
7235
6546
6902
9677
8896
2879
49
9503
5376
2214
9883
6339
9854
6631
1929
5579
718
2718
2247
254
3801
9341
5703
6559
7972
6761
7953
5
3776
7998
7402
4850
215
2224
2941
8369
9364
1385
4416
7230
3995
5552
3462
1039
8032
9954
7657
2191
2352
7607
4316
2767
2036
8367
4573
2930
5800
7458
3242
9163
7538
6741
3196
918
8801
222
1878
8522
3038
7328
6160
2781
5883
7701
9943
1017
2752
6913
4311
4825
9190
554
5515
9600
5128
301
7660
2031
3331
1467
3894
5431
9695
9981
9214
4873
7805
1052
970
841
6622
1496
741
7591
3257
6952
3607
9796
2875
64
3590
2583
178
2480
82
72
7101
270
1795
4384
5769
2144
1916
6464
4383
2759
6084
6089
7567
6918
7412
4233
9457
1305
3482
2127
1346
2122
2389
285
7538
1841
7355
1877
3356
5508
3011
6105
4597
5378
5281
8951
8565
6941
7488
6049
5044
5413
7158
1412
8953
2158
2051
9966
1389
7052
4241
6804
8821
3101
8776
9678
9641
5455
6361
871
3395
4287
2993
9734
1315
8551
8267
9215
5665
4596
4235
8220
290
7598
6139
144
9505
3811
4904
834
9703
4141
7766
3067
1647
5126
8196
3937
1780
9742
9124
4334
5897
7572
3187
5756
1452
7654
4459
1595
7020
7084
8845
7655
1279
213
8381
3831
6050
534
4128
9654
9603
1521
1369
5039
7995
3605
4137
4691
8263
7297
885
7293
7602
5828
8013
7160
9830
8175
9966
552
7803
491
2761
5427
5468
7834
6584
909
3369
2203
7737
9448
1132
754
8873
2779
674
5736
3508
5020
7661
82
3601
2399
8360
1054
6244
3071
4539
3556
1879
3400
1606
8569
3393
4149
6781
1672
6167
2441
4800
2282
1161
57
3381
4827
8918
7547
1181
2063
2383
1140
1142
8630
4165
6624
4575
3122
1114
7912
317
1133
2145
6601
235
4675
6866
747
799
2315
7393
5275
3662
5972
1382
1120
4949
153
4556
4747
2872
8930
3510
1414
3389
7767
4164
8587
4785
9871
1442
9753
8929
8734
6286
2680
766
394
2022
6281
890
9915
7722
3320
9699
5213
4897
5366
9937
3659
1560
2586
9835
1513
6504
9488
9670
6370
5788
9071
9438
4386
8899
3344
498
8686
4722
4032
2171
6506
2019
8779
808
7882
5434
1728
815
6550
6199
242
956
1492
1123
310
5503
2053
6232
4323
6394
8328
7487
8585
7663
3702
9212
5991
152
4193
8457
4143
9274
1243
3340
3063
674
6982
3718
5439
1262
845
8277
9921
7423
8886
6207
2459
1955
9190
9736
3686
8484
6752
6149
2572
114
1051
2849
8848
2373
4743
5611
7233
364
7915
5604
9647
4751
8995
36
3866
2636
829
4725
8782
3440
5637
3764
2496
4085
4160
5059
6969
6554
1887
202
4020
5879
910
7497
3822
3961
6528
5636
6715
7569
1000
7219
8991
702
331
6312
4279
877
6733
7897
8466
9475
5001
71
5223
4393
1719
4526
1782
4371
4153
9583
3070
1754
4326
1467
5754
976
5791
3048
1088
1327
169
1445
4695
7347
5037
6185
4333
3722
1704
7623
1096
111
1121
1096
8769
1817
2847
3658
1880
2681
6326
5692
1788
5929
686
6807
3739
434
3431
5069
7809
9869
9585
4661
931
9473
3967
5387
4152
7434
3486
5097
260
106
8752
8738
6261
6295
4610
1220
159
4748
1844
8866
8459
5240
7898
4664
9760
7165
2074
141
9882
3348
3186
8268
3054
3965
3418
2420
2140
7623
3072
1759
4419
7554
3963
4702
776
9736
9859
3464
3260
9074
1325
3219
1401
7409
7805
3291
2777
4335
1532
1311
4772
4618
7903
4665
1468
7347
1073
3784
8913
3629
6707
3600
9418
9208
460
5298
7121
8136
298
7043
6338
9643
9512
7880
3871
4934
5491
9827
6883
7457
3742
4224
7609
4435
3811
3204
5792
7253
1709
1068
730
7069
5655
5266
5873
5084
1756
3092
472
2519
4638
6098
4360
9323
5263
7162
4193
8805
7283
5337
2904
8500
3247
840
7295
3166
1878
7079
946
5679
4301
6768
1094
2401
9606
7674
3910
3534
418
1688
4573
6588
9834
6298
876
3007
7243
1695
8832
2634
30
3221
5031
9113
3001
7090
2409
6750
5268
845
7769
3001
4893
673
802
5642
5036
6048
7657
3383
6845
4727
3254
9667
8707
8059
1318
2288
1870
5988
6014
6230
1086
9049
6291
9251
1438
2215
2221
5732
6359
4357
4419
1728
7015
2119
9546
9756
561
1151
3226
2007
6643
5976
994
2422
8152
2848
717
4760
3909
9592
1152
786
629
8878
6885
3896
2973
2129
7083
8033
3880
831
6482
9095
2646
5488
5417
5105
7957
6889
3896
413
2495
7706
3880
4279
7
7577
225
1637
8696
3453
103
3475
9840
7816
8107
7725
1673
9783
4319
4060
7987
5472
1846
5487
4794
644
8000
4171
3987
5832
5417
5906
6548
3090
9822
240
7381
7650
4910
2024
5163
9217
7175
5939
63
9309
3262
3456
7448
3382
8297
7901
2304
1143
5351
5760
2373
3010
4281
3261
3359
6405
8063
7207
3926
6527
2219
7888
4738
2635
8406
3408
3613
1999
2504
7492
4253
3210
7129
9183
4897
2161
6338
7042
7573
2108
9305
9969
6909
8306
7358
9018
8436
3486
3290
6664
6611
5239
4632
389
6918
2623
2346
5564
2563
727
6738
5689
7176
4753
9197
5022
6491
369
6840
5290
1924
2961
3009
5031
6773
5580
5452
9242
6130
3867
4853
4571
2878
7674
9769
1799
8053
5413
4433
5437
7382
8272
9938
136
413
5971
2242
754
342
7545
636
1208
2240
9571
4306
2349
6411
5901
6011
1808
2067
8537
5288
6804
4701
5417
5204
7855
443
978
9473
213
6766
1546
6696
6375
6276
3702
2388
2535
2219
8928
7347
3442
8953
526
9916
5945
3023
6690
5501
9359
3515
8515
7704
9205
3772
8482
6085
561
4048
7591
8436
8565
4913
6992
9490
2601
1970
2192
4413
9630
3711
3557
3807
5834
5010
7230
475
5732
1761
3
4895
7917
4358
6546
5320
144
5866
5402
9343
604
2638
2404
9026
8799
3526
5922
4116
9917
6237
5297
3144
7424
131
490
9869
9272
2916
3477
2796
6868
4678
7992
647
1028
7707
8513
9494
7369
9067
7755
5024
6335
8912
3623
7826
6800
4880
9021
6710
5604
9499
1215
3509
2759
8816
5894
4951
3670
485
8989
6426
8065
2261
3513
1531
9220
3985
6881
842
4458
5037
1077
2480
7064
1014
5356
5857
5314
9157
3814
8160
3802
5251
1867
7178
2005
7599
5685
7810
3184
1357
8887
9513
49
510
6736
299
6588
5976
2479
2520
2775
7224
23
9606
33
3549
4259
1451
2963
493
5319
9225
950
5786
5906
7099
1478
2354
9052
8376
6550
6276
1926
7658
4054
6758
7759
6292
3148
4956
787
9966
7082
77
304
3298
8385
7217
8174
6045
3664
8267
4409
7500
6572
6704
5569
6671
1945
3067
6819
3655
6272
1075
8103
9078
2217
7978
857
6968
1720
1076
4266
8308
1394
6857
8688
7452
386
5135
5811
2561
2404
2874
455
1650
775
769
906
6100
6722
351
4718
4332
4821
439
3403
2471
6872
9929
2079
644
2123
6187
5856
7724
666
8436
1643
5724
9192
9871
5313
5416
5623
2134
1529
1533
3911
5895
6066
3332
1066
7932
3884
6433
4978
6220
3257
3025
2967
6999
1661
6833
6456
1692
9346
2737
6919
8924
4315
3677
4057
3437
6894
1995
7395
1532
9390
6195
3723
9472
4576
5705
2519
9427
4318
5725
4322
3970
2547
5797
2172
9115
9707
5146
4098
8413
6141
5321
3391
2398
4972
6191
9792
1039
3001
8693
7090
5005
7360
7038
5315
9571
8588
649
3625
5168
662
3550
7552
2384
5540
7479
8369
7566
6039
6932
3599
3155
4104
4928
1369
1301
8157
6414
3189
271
2586
9188
1030
5177
1859
8372
1959
269
3850
1959
7248
5002
6884
4905
5818
826
5042
3119
9976
3230
4376
6926
3598
2444
424
8353
9071
373
9410
6391
2355
9398
2925
7779
5954
1883
7877
6381
7010
3487
9156
3797
8669
9764
6099
8059
3253
9115
1723
2456
2860
4442
7400
2624
435
7945
4730
6611
172
6106
5160
1903
1905
1813
6987
9196
3269
9877
4218
7709
7871
4079
5303
9754
5928
817
1200
3445
64
4659
2195
5916
6134
3342
4408
4791
430
476
4350
7053
843
9503
4015
2397
2658
4698
8581
92
1625
9249
6847
2566
9427
8001
167
2597
8235
191
6652
194
367
3350
8704
3927
9600
849
9032
4742
9472
7116
4110
8099
2690
5356
4493
3511
7356
6803
2770
7579
5859
6927
802
4295
9614
4883
2263
3235
5457
3195
4266
5421
9203
3083
4970
4762
3192
662
2286
7483
2928
5524
3392
6409
5224
7732
3625
9070
1286
5741
8777
4958
6676
4141
3524
3853
6815
7729
5792
2143
4861
6474
9949
4020
2831
9475
3304
4807
413
4055
7271
9285
3240
6128
4319
8369
9362
5245
1324
8641
4249
2488
7316
9110
2655
4722
5644
7341
7993
1779
2834
9919
9661
4636
4374
7381
5493
6786
6952
5925
6452
5050
3950
3947
4960
9586
186
3550
6896
7807
3563
1384
9726
1852
4854
1438
8716
7822
6039
9880
9131
4924
8466
4613
6312
5851
1083
1106
5023
529
775
9757
6662
9442
2027
8786
2944
5020
353
1234
5487
958
7295
5499
324
3322
4995
8113
2153
6350
4386
5844
7481
1665
5384
4342
2984
9101
3073
8826
1756
9352
1159
1199
7984
4474
6555
8831
7115
7395
3252
8850
2186
6150
2110
7952
2181
3977
3750
8805
5452
7861
3567
7113
1825
5784
3776
3829
3901
5940
5148
1634
7882
4828
7814
8873
6427
7843
5354
839
7529
2376
2978
966
6523
5725
3237
9917
5525
6355
3261
1302
676
9911
5869
4051
6507
2907
4359
7712
91
4902
5423
2430
5882
804
3611
8825
5529
4969
9459
3378
1703
8976
6089
2923
3653
701
6375
7212
6337
2810
6373
2513
5982
3660
6724
8098
1047
3958
8416
5315
3790
9868
8142
5014
1353
2406
6713
8492
3079
8433
885
763
8140
832
7241
2052
3533
9014
286
7521
9784
611
2244
5643
7990
3426
7514
573
3021
9388
916
8116
3071
6908
46
6579
6159
4901
5514
5082
9687
4365
4260
9534
5091
5144
5561
4572
6940
7371
7392
5056
321
2076
8677
9138
5858
4211
2873
1406
4530
3354
3162
358
1155
8458
8294
757
253
7590
9868
9852
7159
779
3303
6949
7788
9624
5148
5940
1614
4511
839
4602
1439
6084
7091
1444
6542
1632
6791
3011
7203
1471
7364
4724
8909
296
5355
9358
6980
6710
6491
5478
8085
5522
2836
8025
1211
2210
4120
7615
2530
1334
445
8984
8350
6116
9902
8955
5994
2348
4925
4222
48
7178
3447
7477
5321
692
317
6249
7380
3976
845
4204
5479
633
5149
3344
3245
8927
6454
4077
5040
6985
9879
7193
1388
1229
3550
2253
4498
4201
5543
7791
8985
1162
7152
9216
4043
4094
4075
6128
9262
8957
5042
6363
4211
7344
2986
9226
1804
8681
9268
4533
1180
9518
7382
9480
485
4402
6023
6332
2801
5255
2989
6438
7066
396
448
7713
1985
3896
8199
3426
3383
1409
3518
4524
8966
7820
4140
4716
6688
9968
4173
8675
3050
5033
587
8047
6124
8302
329
1521
2020
4399
135
6709
8254
556
9739
3362
8928
5903
4310
1817
6051
8824
627
2899
1978
9518
1260
6926
8497
2333
6620
1164
5621
1555
5779
1343
7710
369
3868
6663
4544
7906
8834
9793
1393
6040
6968
5311
2557
2398
3327
8394
68
9814
9669
3651
3985
3211
6136
6863
8940
8504
9865
501
146
2161
2522
1595
2727
5474
8992
3463
8079
67
1045
7263
1625
7723
5271
2589
7916
2668
4316
6939
8526
8366
6187
8525
6889
8037
208
7300
5598
9903
9847
209
6839
7627
492
2718
4267
3506
7693
670
6934
2632
5415
8152
3641
6319
2129
552
1121
9008
9956
4396
6494
579
4441
6435
3519
4889
4400
9136
562
6977
9937
7214
3845
547
4788
8245
2197
1157
8243
8547
9205
8661
12
738
1271
592
6510
9164
271
1567
7954
9267
5906
4408
7073
2269
7260
8066
2300
173
8655
2671
8413
1951
5027
9460
1231
5999
5029
464
9422
3963
3239
5877
1016
9147
4984
7144
9376
750
8039
3957
4285
3044
7803
113
9056
4914
115
681
8939
3460
6429
4272
4921
1400
4663
9095
4558
9297
7040
2047
43
1898
2604
2598
8232
509
4988
1753
3812
6385
5934
278
8323
1631
9817
9836
1879
9175
9459
2895
4026
4147
6023
4861
5838
779
672
3507
6315
1214
8200
2688
3139
7933
8109
2062
2592
2338
2270
1773
2398
5335
7795
4287
3940
7334
8301
9938
4409
7275
9941
8575
3576
6973
4567
2388
5341
8536
5098
7355
4204
304
1618
1655
2433
5437
4918
5222
12
6258
8722
2215
2710
4717
9386
5160
1547
1828
9504
9522
8481
6588
8770
8992
520
1696
2986
5180
8495
7381
1589
8262
4603
8010
8874
6278
812
8662
5873
1330
9836
2234
7080
9134
101
4765
8710
7792
7274
6556
3231
4704
7141
7412
3209
7549
3084
9172
793
1768
7449
564
2408
7601
4539
4874
5114
6791
2741
1019
243
3672
364
7190
7197
7275
3768
335
6611
580
1592
7809
743
8932
7384
1978
8658
507
6243
1449
6220
8030
7148
3671
3568
2054
700
4183
4649
7208
2175
1380
957
2324
8589
6301
890
8477
4629
7037
8007
9608
5070
472
9052
4682
2637
475
2705
860
5562
2776
9299
7041
2840
9621
549
9190
1297
6026
8582
3038
8473
7281
53
3300
2193
3302
2301
4671
2924
7521
9353
9337
4092
1185
4555
3816
9562
1611
5694
554
9913
1751
9132
6651
6085
1381
7028
9190
1342
3969
1060
2039
1472
6207
1269
894
9501
5289
8112
8602
7983
6712
4072
6910
2865
3819
6403
3809
4611
318
1338
8542
5816
2133
6765
3771
8194
4387
409
998
280
3405
9443
964
6547
3280
9693
4501
2513
8352
6279
6958
9801
7287
1790
6860
640
9061
999
7936
8979
1690
7252
3774
8018
7930
611
5004
9324
2910
446
8320
4694
6586
7441
9835
9401
3611
5883
9764
3959
8713
5729
8659
3390
4047
2881
4418
729
7391
1245
5858
9070
3453
4039
2422
2596
6840
9077
9200
3617
3271
2069
2552
4464
726
948
1287
4084
7891
6950
7218
8106
7647
6519
3547
5551
1998
7674
8962
2102
2196
209
2628
26
3720
9975
2716
2894
5972
921
4302
8508
4684
300
7301
8255
7196
7220
1087
796
336
5375
4263
7814
1290
9469
8828
2047
5990
9227
561
4382
7851
5044
6974
6991
4217
8638
1937
9140
4546
67
7537
8655
7748
8143
6867
915
5607
6415
2737
3040
6720
4157
9605
6627
6707
9152
876
7263
1586
5406
2380
9811
6760
6370
6528
4925
9557
7444
3124
8975
9554
7745
6868
770
8047
6332
3261
5968
4392
4928
1567
9806
922
1009
6267
7746
1530
6091
6358
5341
738
7863
5315
4386
6703
7681
8913
5731
4574
3043
9187
7135
2841
8125
3504
19
325
2300
4026
9920
2247
3730
4039
4393
7174
677
2441
8672
2376
8445
5891
3241
158
2001
5579
167
8323
6067
7870
8081
5332
6608
1448
3878
6117
2424
9122
3187
9410
9562
8469
8022
661
1491
3787
1514
4097
594
5036
8820
8028
156
3698
6478
5718
748
583
6919
5992
7186
5132
7514
1126
297
4320
8536
3734
5994
2148
9530
9387
7944
4086
3104
6651
6931
5487
5289
6064
4403
9474
9711
3207
6047
7115
2203
1579
3240
9735
5721
724
5452
9304
9878
4438
357
6235
9389
4610
7058
343
3853
5768
6688
6777
496
823
5487
8066
7072
9240
3649
9289
4673
799
8920
5568
4519
2276
584
7472
9725
1752
677
5247
7029
9586
2065
1375
8794
7419
3065
5506
1005
8470
8818
5215
7639
7317
5839
402
7168
7804
803
5875
299
3167
8707
1801
6972
963
7094
9402
2487
3987
5419
8748
4972
5099
160
4948
3936
3555
1083
8416
1135
9708
458
3136
5763
9648
4503
4932
4901
3160
671
1777
9875
3076
4099
4220
7111
3559
7475
1239
9381
1947
6976
3433
8257
759
2657
5871
8829
6348
7695
8879
774
2663
6394
8039
7205
702
3378
5667
4877
9105
7799
3642
3454
4656
5653
263
2005
729
4883
6311
92
3563
7925
7141
9773
7766
469
9760
1350
6897
4899
704
8465
4468
5090
5980
1581
2815
5238
408
7565
3534
9628
6526
6666
3386
8813
552
6796
4994
4000
7253
6816
7878
8364
7199
3260
8792
2169
7794
9159
122
529
1992
9317
1984
6932
325
4301
9726
5690
9926
8590
8384
7671
7463
4711
7055
969
704
346
9399
7576
6602
3164
9608
8320
3563
5307
5570
718
8664
1011
4158
8419
9311
7894
8036
2285
8117
654
2944
4380
1922
3520
200
9556
3644
9488
9063
743
7379
7063
3223
8230
4028
4546
7857
5058
5672
894
2328
9613
9182
3070
9194
8038
8339
6550
8323
1013
1151
7395
524
7298
3656
1498
933
9344
8148
8563
4097
8565
668
849
4765
6243
4213
9174
6148
6679
4161
3492
3695
4393
7546
4434
6039
4617
8941
7152
3255
9780
9997
7889
9185
5533
2082
9619
2992
3533
2657
5118
151
4854
2579
7208
6602
6912
3429
8746
6995
6238
7043
7635
1069
4666
4157
8138
8577
5266
1021
786
1108
1546
8836
9978
6956
2209
3068
7488
3854
2968
3044
6003
8816
4487
2656
8883
7529
7844
1151
35
3508
7434
389
2816
8149
7003
9779
1986
5803
6348
1900
5767
9996
9593
9931
1020
7299
8797
1042
4557
7740
988
9632
5392
2477
6310
8285
5268
9107
5773
9334
4458
5988
688
1270
4017
2124
9930
6346
3993
1995
3076
7280
2152
4666
9022
1276
2686
3334
9082
1341
5818
6193
2705
8686
8476
144
2701
4983
1377
7550
3184
9379
1284
331
115
7292
7182
5982
323
2477
3921
6574
1691
4474
3629
1077
8445
3591
2037
2097
6918
2552
352
132
6978
7849
4022
7079
1981
3931
8272
2810
5534
8916
4104
536
6253
6284
1793
9900
6904
4323
7068
7311
7202
1779
2946
4484
6244
5982
4325
8063
1937
5284
4792
1759
9722
4728
7244
3916
1083
558
8403
1298
6953
6574
5284
5268
3462
7744
1107
4687
1505
1711
7819
9656
4674
8049
4700
8551
1246
7802
7463
7146
7217
9957
886
3530
9416
5777
1762
7783
1960
6342
1732
7513
2293
2054
5380
4503
5832
5888
3849
2105
197
513
9675
4422
5278
4085
3694
1846
8751
7507
456
3258
2117
6117
5879
9815
3336
4028
2095
1167
7178
5225
4963
5367
7977
4262
8131
7
3523
3624
399
4431
4971
2990
3114
9528
1221
2480
6093
6106
6385
8791
2486
8932
5204
1890
5199
3842
8996
7419
2617
1636
9462
1609
3890
5911
2493
8042
5417
6003
9394
1556
3815
7845
3446
4700
9098
6410
6580
9617
2293
2181
7485
1709
5189
8496
3860
2133
4682
4036
2013
1385
9855
945
7867
4931
4955
9578
9413
6314
3327
6353
8027
2766
3723
3959
2225
8333
6838
4864
123
790
5456
4764
8736
1415
3908
3554
8670
5283
553
4117
8675
8348
4512
4305
4758
3108
9144
3862
8242
4653
4220
6400
2544
2912
5921
2594
5677
9401
9089
8289
926
8707
745
609
8208
481
7968
878
9488
1006
1508
7191
3802
414
605
8171
9152
5628
2804
9724
4104
7686
5899
4342
8328
1585
2872
5951
919
2183
3671
2859
7836
9755
4271
5155
6755
4136
552
2203
4614
6510
3486
1502
2398
3108
918
1454
4290
183
566
4747
7479
974
9458
9344
1678
9362
117
2429
2285
7118
3348
3132
3173
4270
6910
5262
6377
5557
6324
2000
4719
5384
6456
2100
1586
4707
1110
5246
4295
9467
4561
191
6838
8071
958
4255
5185
268
2514
3015
8070
6164
8102
5585
9987
8018
619
2308
2952
5063
9662
8818
4198
6229
3050
8926
2473
4124
2137
7597
1692
2510
807
7474
5835
5021
9937
2174
5916
2373
3939
6432
953
8095
8297
4583
784
8128
313
5437
8850
2251
5167
7485
3828
3582
3482
4398
1115
1507
2334
1020
3747
430
2410
358
8088
1022
1043
1783
3703
6783
2350
1655
8855
9732
572
622
7179
2746
2063
4409
849
5741
3759
3579
434
1691
8280
3941
5907
2432
70
961
3464
8715
2818
1019
6174
9260
8502
8831
7821
2197
6831
1746
263
7829
2771
173
9383
4812
2620
7392
5605
8931
4395
3949
7242
4854
2829
7740
8358
2340
639
7742
4397
9750
1675
213
4828
1997
9922
2291
159
7183
7259
4206
8788
1891
2209
5718
5012
8098
7730
2148
2246
719
9193
3527
4282
5150
7605
1570
2737
5471
5268
2795
2814
2580
1764
5651
2150
1270
3334
251
8808
7853
9149
596
7359
1596
6182
2192
968
2747
9002
5769
8638
2167
7675
6747
6028
9768
945
3410
7388
1023
9579
9668
3807
7233
7425
3533
616
1515
91
9468
2199
7918
8345
7852
5625
2231
9104
2603
7979
118
8029
5088
6574
6033
7526
6591
5417
3758
9805
1886
310
7593
8435
9817
7217
553
5336
260
1245
5419
1307
6099
3938
6484
2236
292
3669
9470
3269
2569
4976
9231
4776
6138
1138
6907
2339
7786
8908
3020
6682
722
6203
1175
9858
6369
942
4307
6234
3198
7664
328
7077
4013
2652
1350
4999
1650
5774
7959
1439
7105
3090
51
416
9449
491
1242
1615
3428
4904
4630
8867
2414
2144
3975
643
822
2535
8271
7351
3772
1213
776
2272
9384
7719
2928
2666
4277
9305
9029
6443
6333
5819
2139
4738
5472
9846
5506
8846
1140
8036
8669
9632
4199
3269
2890
6147
390
5405
9695
7880
8517
290
2630
5407
670
4277
5878
8147
579
6696
1882
5280
9078
956
8890
6160
3778
2080
8542
7615
7804
6871
9507
7120
6771
635
9888
627
226
2971
3072
6665
7224
7671
15
3355
4997
4669
3778
3294
8627
6388
1390
4040
835
2695
2078
4109
3215
300
823
863
2424
5765
1530
6246
326
7937
6093
5899
3100
4293
2102
5298
4408
5723
9040
9884
1460
801
6093
2507
9231
5425
1169
3237
3862
8426
8179
3611
3005
9538
2672
