2507
9545
1930
9956
6633
2044
9276
6829
4469
7163
6744
968
9224
4111
6382
8045
1654
3427
5988
8882
3374
3386
4478
8326
4513
8978
2812
3375
2299
5583
1787
4591
944
7453
4809
9516
8283
2754
2298
7125
9664
6995
8743
5064
4584
4686
5546
6641
403
8598
8083
7514
6333
7924
8356
4397
5289
1464
1149
2698
2364
2070
5538
9527
257
9661
9574
9982
8761
3560
6001
3269
1119
6934
2443
7274
3724
5229
7426
8281
8517
2073
4307
435
4609
6007
3503
8357
1070
1568
7843
2546
1175
2146
5715
1453
362
3614
1089
6651
6717
1507
3237
9191
908
4327
4739
8003
6756
2845
3798
7645
878
8094
3342
5510
3424
7861
3227
2741
7174
1760
4160
5367
9490
9801
2127
6347
5801
4075
2678
3883
1430
3256
2022
1711
1421
4217
1682
914
9098
3562
3269
4574
1118
9993
8650
1129
8615
5574
60
9015
2079
2887
5376
2535
9117
1943
8209
6179
6955
7676
2426
7250
5590
7101
1044
7244
93
7329
1653
9238
1385
2071
8533
2239
4587
526
7718
1866
6558
8663
1236
9649
9784
2647
145
3727
5880
3911
4076
1557
6152
5759
5125
9986
9655
7217
5475
5747
5665
3008
3871
2388
2672
3672
3190
97
4821
3426
8303
7140
295
2332
3434
9299
9308
7367
6044
3054
7217
587
7008
561
4124
3126
5615
4133
2160
517
6401
1665
7950
4456
888
2438
1483
7070
4453
5484
5562
7535
1919
7709
258
6970
6718
4421
5933
7838
2045
4159
5041
2297
890
1477
1055
2755
8834
6781
6915
3021
5731
5726
6215
4807
9335
8113
339
7292
5784
4473
3933
3847
4916
5032
6352
242
2162
209
6849
4241
1556
5745
4753
4961
6592
2613
1787
2284
8535
410
7308
7359
2064
5020
2052
3481
6374
8596
9608
875
8382
4820
645
7759
2806
7536
6080
9088
2084
2622
5719
1682
3180
2480
6392
2013
4403
6900
5642
5806
1380
1118
3966
1091
3116
5618
7592
2329
8352
8420
9761
62
2337
2890
2511
8120
8659
1883
5976
3655
3924
3850
8772
4233
6017
1376
1503
1528
8338
3157
4930
9059
3301
9248
2666
8716
7943
126
6472
7800
8199
5011
2010
7885
273
1125
7876
3082
3927
4840
9000
1538
8400
2416
1329
5927
4724
1884
7985
2927
5903
1927
5131
4274
2261
9006
1621
3582
4104
3613
3136
481
1556
6731
7535
8491
6468
6977
3241
5715
1843
3102
3410
356
70
4113
6064
1815
1401
3814
9170
8727
7505
3727
6317
181
7420
5348
6911
2658
9113
4410
489
5867
5459
5615
5592
8823
4356
6486
3375
4603
3193
6207
4816
7265
199
1220
2785
7651
2621
9060
2547
4926
9908
8216
612
6962
9391
4864
2597
8236
6074
7626
8326
6047
9346
8998
4023
8298
8876
9514
4503
6019
5055
653
7347
3651
1978
1692
3767
6263
6557
9839
5126
1132
3001
8934
5483
2052
7990
5161
3966
2399
8793
1992
3339
7105
8053
8109
3012
5438
2417
3844
4221
212
6293
9497
7562
8416
2709
340
6411
3894
6282
1778
6702
9907
578
6343
699
1213
6013
631
7976
6534
8444
5772
6046
6936
8735
8575
8238
8260
7456
8298
6909
8564
5610
6860
4630
1148
9392
7793
1504
6088
7150
6100
8777
4695
8252
1895
6390
5993
5184
8284
4881
9840
910
6050
3811
6695
9480
8044
6375
3451
3612
9178
1506
3604
1063
5714
7064
5074
4016
8828
7611
4654
8767
5493
6092
4948
430
4391
3199
3243
3322
599
9267
6187
2822
9118
2183
9212
4584
9456
2063
7128
3955
6713
2520
7853
6500
5007
5284
2626
3044
375
9310
2123
2057
3234
9802
7314
9309
8304
179
2717
7761
7245
1005
8195
5906
1412
8702
6588
3912
3394
7543
6043
1955
986
2133
8488
8565
3070
271
2307
8395
9332
8716
7794
3787
4322
1734
261
7569
1969
5988
7879
1682
1295
1922
119
944
7549
8997
3948
1531
6877
4339
3771
1855
4301
609
7370
6648
2977
9527
5541
1978
389
907
6942
7361
5911
3924
8240
1605
452
659
4924
2955
6384
4180
729
9090
488
4897
8525
1603
6607
1897
7524
2742
2901
5720
7489
5715
6541
9669
2852
1807
304
5149
7378
6207
5045
6920
2247
7226
9734
6318
2666
2069
4060
3299
6807
6005
8859
7706
7101
7943
3313
9565
3583
5189
4458
2047
5898
531
8138
1175
5862
9964
3463
4429
8094
5425
5902
8172
9508
7102
7623
6129
3775
4793
9558
9232
3683
8992
6513
3090
2795
4323
5989
4190
10000
9816
8191
2272
5065
7814
1351
7460
3080
311
2094
5448
9684
3710
9782
6228
718
7185
8474
4032
2210
865
4387
4251
5357
4771
2018
1582
6440
8409
3735
1256
1322
4011
9227
9907
5291
5089
9942
6472
5430
6645
8351
1128
8598
2748
9093
9836
7515
4026
4204
8162
617
7340
1760
5478
6858
7648
9129
8300
4348
4150
8844
9120
1223
7666
8753
4377
7538
7323
4704
9223
418
4582
9439
563
2339
899
9715
7320
1473
91
257
6267
7796
9015
9427
2777
5063
4026
6368
6695
7925
8977
9752
1744
1595
5601
1354
6307
5501
7475
7622
584
2651
6875
7329
5509
9432
5729
7726
9037
9635
382
809
6273
217
3139
546
9306
7650
9073
9366
1841
7302
8942
2346
8386
7438
6862
4110
3001
2671
1106
2680
5036
1561
9774
3595
7641
7153
7491
8127
4615
1626
71
560
954
1134
1340
224
5215
5882
4578
4333
1551
3293
773
9821
272
9143
3833
6786
7253
7295
5744
1661
8655
6918
9963
1656
7506
6246
4171
1734
5931
5468
6687
2762
9043
9917
2020
7444
1345
2003
33
191
8736
8693
9000
9968
9841
1543
3966
8598
8867
6568
5385
8111
2849
2700
9380
4212
8208
9618
2934
5838
5910
1441
9857
5519
4592
5737
6902
7454
4322
4040
7649
6617
7464
3674
5408
6735
8758
1992
7374
1607
9518
997
5954
3205
5025
5810
2431
7564
1139
7767
5218
6280
8734
2022
2718
2177
19
911
3647
5479
7950
8424
1707
9976
3861
8474
8796
4356
9405
5870
497
4243
6438
3588
530
1753
1662
1850
6423
8021
1141
6094
4591
2657
7979
9243
8736
6655
4812
9692
5806
3058
2614
2376
5866
5328
869
7995
7513
5880
2123
2869
4755
6973
2579
7746
5553
4471
8174
1779
2563
3428
7025
3195
5872
6073
5689
3051
2003
2204
722
9864
2331
2280
6563
6709
1739
7151
4448
4590
210
6157
5092
4789
9691
8967
7448
7503
2202
410
1078
2904
9458
6937
1250
1616
2122
1516
9185
9867
6253
7273
3222
571
7665
1872
9085
425
9144
8919
6283
7643
3990
9486
7616
3505
38
9714
708
3894
9011
9614
6010
645
5693
3630
8569
3692
6279
8570
2439
9488
2205
5156
8462
3550
5565
2976
9015
8862
6389
7205
2401
8718
7758
3124
4435
3237
2278
4439
8241
9978
7349
9713
7912
83
5121
4438
43
5957
6098
7184
2849
4465
4448
7951
3588
1136
7898
6111
5109
9508
3552
1971
7425
5326
355
7175
1926
3148
7027
2022
8967
5981
30
4662
1103
6311
5704
531
55
7675
6414
3084
5184
5196
9552
8403
2416
3494
4034
2809
9599
4306
7909
4248
543
5022
6779
6566
1940
5968
5285
2487
1020
1662
6475
9196
4517
7342
1791
1218
9784
160
5956
1337
1457
8350
7454
3627
5551
866
9757
3272
8063
5921
5541
7585
2505
1536
3872
1960
6383
6537
2016
9288
1313
7330
3086
2639
7896
8914
4006
4840
2882
8865
9683
2381
7765
3993
4199
1458
4059
6333
8088
5716
1173
6473
2304
402
551
7193
6952
1601
4615
2021
8473
6340
6519
1874
3442
2437
5769
1522
5669
7347
8048
8062
3722
6848
6464
7839
178
522
9327
2937
2899
9815
6389
5007
6795
5252
831
978
8113
6801
3532
9217
5328
9388
9474
7206
9312
3069
9730
6095
8912
3688
9237
9980
3120
4346
8422
7259
5185
1839
7784
7663
5693
3524
4827
5018
2364
2807
9549
2734
7829
2644
5546
661
3170
8501
1446
2782
6787
20
9577
829
6392
2652
6945
873
2864
1061
2307
7930
4327
8678
4324
6123
1797
6100
6551
6933
9541
6423
3788
421
1083
2444
369
4803
4230
6457
3319
546
9003
4402
778
1167
2174
6130
6433
6342
8277
7718
2593
4115
3349
3276
6722
1234
3686
8672
2026
1540
7692
4705
6359
6478
1078
3421
3966
6360
2965
3820
2714
8908
5650
4006
7718
4942
6547
1530
9033
7309
4746
2345
3999
5169
5794
8363
3341
3979
3848
657
6712
8163
6655
9430
5898
5390
1272
1501
7957
7934
4865
3324
9004
3120
7377
5921
1995
6811
1624
8983
4801
855
3217
2991
2785
4959
6022
4200
2443
2648
5558
6093
5992
3351
3179
9888
7876
6464
9586
5588
5344
8949
4320
3914
3008
3677
4233
8304
2277
9100
5023
2203
1355
2589
9882
6196
9392
6799
3520
4949
2055
7766
9833
1032
3950
8381
2805
1968
4777
2320
1848
2063
6231
3491
628
4364
7878
5427
9523
4942
1553
7422
1634
3629
5517
9790
2218
9432
6824
9528
409
4
4384
621
7537
9600
148
1827
4701
5833
9039
1840
5643
1125
3575
1617
4270
4289
8345
7774
8550
289
7619
264
8208
8894
250
7062
9893
6279
4932
9872
8843
8715
6030
6543
3334
5186
2112
4388
6055
6341
5261
4339
3636
1000
2039
2258
4426
3341
2251
4674
5433
4564
8768
5510
5664
7354
1843
5621
3788
3510
6499
4012
8835
3762
9430
5963
2923
1736
4833
2986
5284
1255
8775
9056
4881
3852
7380
2991
1491
7351
7728
2050
9527
2471
7350
237
9112
3608
9656
5594
4929
465
4271
230
5375
3494
8452
8003
7665
2254
2684
1907
5492
5877
4579
5044
7281
7113
4324
9670
5133
7731
9590
4498
9871
870
2802
3032
6962
2079
8882
8528
4865
7872
2976
2193
7139
5592
1936
643
1513
418
3326
7848
7045
9001
2277
3633
1422
9877
1549
3083
7853
3146
1612
4104
7767
9507
8693
798
9884
8524
5525
7103
9843
8314
899
3211
8074
4870
6176
587
7056
7753
2622
8001
4625
7650
4114
2335
7234
3302
5186
605
1323
8826
9299
5124
3816
5897
6833
6389
3127
9510
6549
7464
9716
438
4118
5285
901
3172
6963
5186
7028
2168
428
7828
2933
4324
4894
9369
4052
4016
245
3450
4382
219
2281
401
291
9657
3130
5275
9128
5849
7139
419
1767
5448
9050
724
7284
1322
9461
2150
8529
3785
4462
4867
4719
977
3997
1205
6086
7198
9404
7737
9037
4318
9036
8816
8587
9880
6410
9581
1659
5405
4541
6413
4340
4455
4645
6651
5835
5996
4076
9490
1823
9672
69
956
3014
4267
2633
6079
130
9977
210
8522
5512
3949
1348
3113
9550
9081
3667
4633
551
3712
6609
4301
2789
1303
3799
4251
9254
322
3891
3473
8494
3278
2374
6504
7965
373
4776
2066
8452
7011
3931
3228
291
6434
3703
5830
5200
2511
3965
7593
136
1106
3354
3314
3060
3227
3594
2354
9661
4420
7407
1967
9779
4269
1062
4409
4664
137
8599
1638
414
514
732
7054
6493
6879
9368
7891
4300
7192
5586
4808
7190
5508
8377
8519
9421
3651
4051
1953
7503
2690
494
6213
2939
15
2383
2172
769
3033
2845
7773
7093
2377
7252
3848
5098
1785
7579
5740
1493
2167
1991
4056
4664
3192
5677
2169
1685
8673
3971
8420
7730
8216
9523
3357
8128
7537
5948
3917
8697
2928
9626
5543
1082
6805
3981
1724
3652
4893
7477
1239
1747
5317
6452
1284
2653
6427
2492
3639
9092
3680
2970
4494
3935
9259
3418
7963
5786
978
7676
9592
7937
5964
4128
1730
9366
8178
1388
7357
6400
3649
6878
6806
3775
6681
981
88
6501
3964
8306
6654
1433
8450
1268
7252
9462
8869
7263
6969
1501
3960
517
7060
911
9211
169
9559
6222
9899
6828
6362
2720
2636
673
8188
4230
2264
264
1031
8972
3979
633
7955
8715
825
8199
5040
551
1241
1982
1519
8370
9062
8939
4259
6792
1159
7219
7479
5219
2794
4594
2529
4349
2269
3340
9093
5552
9682
5320
191
3914
6968
8961
9269
5419
12
3931
5596
8925
7916
4596
5885
9534
3044
9563
1223
3535
7819
8364
3904
4730
5525
706
8523
905
9012
9331
6836
6567
1612
2211
1981
9489
1820
1503
488
1992
8848
648
8578
560
3789
4125
6428
8044
3670
8238
519
6958
5671
4450
840
871
3099
3507
7057
6110
617
2873
6654
5012
659
3772
222
9844
6758
8639
3164
2366
6352
7190
8162
813
3087
151
2436
2528
7830
3644
7362
3049
1517
6138
7177
4758
9465
7354
2671
543
4317
819
2810
1573
5441
3654
22
1716
7340
3594
4993
2407
6121
2519
7285
7446
917
941
8929
4629
7974
4049
2451
116
6126
9417
2587
3975
674
2375
3087
9920
2197
9314
7426
9522
9572
6367
8840
8581
2913
4821
7889
5854
7327
6943
2134
8700
4373
694
4774
5191
8161
2571
1270
8443
9190
9672
8637
746
1084
8499
6690
563
439
8179
9284
5507
2882
8898
2967
2046
7696
9224
8275
6423
1706
1890
2124
9972
9869
8880
9889
7934
2033
6988
1164
1928
7209
6479
854
8138
7764
3308
8576
9163
7029
6700
9435
2141
9678
2444
8392
7730
1032
8761
7620
9653
378
8469
8488
7985
3241
4425
2215
276
4552
6322
897
2599
4803
4972
3240
7361
1397
9972
324
80
9805
5291
3298
2187
3128
6465
1932
4360
5561
2293
4640
1419
9343
1866
4086
830
8479
8537
2154
7112
4830
3469
2530
3112
1761
2306
6073
1528
3252
8698
7775
6838
8588
1599
8760
9622
2648
3881
7437
7082
6922
4010
2615
2711
810
4030
9501
4884
8314
5575
5574
2273
9626
5705
913
2687
5032
8207
7296
515
3237
9738
3510
7300
2035
1405
1355
7888
5647
1237
683
1651
179
8678
6667
2361
2581
3144
526
4570
4091
4125
7753
26
867
6656
1573
3554
6530
4951
5995
4413
2605
2503
9240
9332
3797
79
3707
9757
6383
9202
5316
9997
6471
6237
7967
1355
3065
6756
8827
3082
3653
5811
8919
1009
3746
8555
8052
1557
5810
8465
1359
5080
9588
4944
8954
3430
7314
9229
8897
6541
8620
1353
5176
9335
5857
962
9392
3681
5602
4444
2037
6263
9286
4130
5540
3755
3216
7581
7967
4170
2522
8597
1571
9883
8735
1951
7808
6541
6568
8244
6774
6958
9030
5766
3096
1817
6694
5279
3451
417
335
1599
2880
7619
1038
11
7774
3554
5654
7337
7784
5054
6753
8574
9301
5758
9443
8439
9238
2083
7532
6531
666
1130
8927
7223
7751
6846
1408
5780
9095
5223
9160
462
4897
6070
2476
3930
912
6555
6178
5540
216
4860
7889
3635
3150
9650
7553
9203
9159
8819
7225
9488
2220
3378
7566
5892
8069
8166
6324
9945
6334
6958
748
4491
2544
1322
3125
5701
1644
1358
2985
321
1410
1309
5107
9965
9251
5934
4591
275
7440
9953
548
2306
3237
2303
3728
4346
6395
928
9705
2799
8401
147
9689
4327
8124
2172
8809
4806
2101
6939
471
8266
8961
6623
429
8212
7659
7066
6034
6910
9503
7918
3452
1387
1630
6146
4348
6364
937
6763
1306
3695
4577
7512
3786
4244
8723
9237
1944
2829
5342
5579
9696
3190
7260
5937
547
5247
7697
8718
7413
4209
9101
9740
8157
5364
5517
5190
4881
4254
6479
3159
2019
8015
6184
2824
1386
663
1570
997
1882
4807
2703
5612
1255
5634
3371
2419
5577
5244
6009
1851
4090
546
48
964
3626
2796
7736
3138
1782
2082
574
2831
3910
8439
8087
6877
7573
3249
8480
284
8542
2981
7519
1350
7861
779
8994
9734
7639
199
8197
5537
6586
5512
3266
5944
1231
532
4623
8048
7044
7329
6775
2924
306
399
1464
6160
144
4869
650
260
506
9726
6710
3810
8551
5073
6503
4961
5292
6652
1189
4430
624
8496
3483
9187
6206
9632
2813
9193
8989
9002
4810
9810
330
1363
2898
4305
5309
4971
5769
1051
1071
9082
5798
2916
3582
8425
8820
5525
617
1104
3545
5425
9363
9872
2992
9531
6229
4369
4699
3159
7360
4392
7110
8027
5862
2337
1268
9748
956
1680
6288
1322
8663
3190
7376
2812
2959
1398
3122
4857
9000
3856
6706
1947
92
8345
7308
5483
867
2168
5721
1782
7857
3799
1953
9619
4411
916
2882
9807
380
6358
5445
9015
152
9058
5300
2148
51
1965
9505
5918
8792
4460
8098
2153
1797
4387
3134
6769
1034
947
9749
6452
1657
4420
7
429
7804
6801
7497
4833
3451
7965
3084
9149
2590
178
898
6173
5901
3135
372
2756
89
2341
8114
502
6670
7747
3987
9980
8223
3554
575
5823
6881
3267
6706
3638
9313
5527
9243
6723
2484
9137
8180
5566
2694
9555
4182
7742
8783
7094
2657
2271
9957
9697
8065
6081
6813
1753
8687
6142
3151
3308
2644
8847
9119
6271
2472
6336
960
2847
1595
1366
3671
2501
8197
866
5414
6728
7112
5799
403
7100
2573
9395
2391
2922
3163
8830
2955
3283
474
6073
8460
5382
9241
4463
6920
5184
39
4527
899
3115
188
9708
2239
5963
3779
1134
7927
9290
5586
827
9893
6988
8509
3212
767
5422
5746
1923
1628
534
4073
4420
9836
4756
4257
3600
9694
7923
4451
1771
8922
496
3267
1292
8780
8444
4534
4593
5933
4582
713
229
5161
6823
928
7258
3555
5289
8740
1806
5351
5681
7978
6074
7457
6754
4288
5440
4474
4903
6503
6981
3879
2687
2677
3224
2730
5435
6585
1765
7932
6304
6717
446
97
7541
3471
8239
9121
6810
8849
3185
8420
1247
1521
7160
6466
1788
1928
6137
3037
1708
3535
4351
8955
9904
875
7522
1449
1297
8837
8883
9255
256
8315
4778
3054
6031
6459
2152
2436
5488
68
1659
8778
5651
679
7722
1943
9014
698
692
9293
5621
9033
2187
4659
7170
4507
3050
2675
3250
2890
9490
6665
7076
3683
1168
5000
4982
9822
4401
9536
1015
9126
3170
975
9109
1763
6684
838
4777
7286
3914
7485
4785
696
1711
9631
5107
8086
6299
6730
2466
9307
9381
4735
2462
9276
4599
519
148
3725
6236
3723
4517
740
421
8275
2783
4141
2917
572
1855
3299
7054
3567
2751
497
1988
8178
8597
542
4938
6755
9043
4366
7427
6869
4556
1398
4363
7801
7315
6398
9005
3372
6021
6444
2129
1246
2048
4481
8575
5950
5221
6010
8857
2631
1291
6413
1818
4205
4005
2820
813
2379
5281
6154
7951
696
1798
6831
954
6351
281
2538
5313
3578
8497
4548
7745
3220
7653
9245
923
4089
7813
4542
7929
6902
8319
8723
3243
8041
2731
6077
4589
4923
7224
386
5439
7564
6368
1611
3192
9159
2934
1942
6254
504
2390
5052
5196
3344
5891
8949
8682
5370
561
4462
5904
2330
5224
901
3898
5002
3922
875
3772
5533
4027
5488
4507
5689
5219
8227
4122
4899
7414
4050
5582
509
8827
7171
5070
7681
7372
8788
8225
6528
8
8699
8918
880
9926
9176
5364
222
7567
3650
1643
3205
7728
3494
3310
9553
880
8351
8589
5817
2928
4223
8136
3512
1644
7781
3271
7837
5150
6843
8651
3269
2426
4284
6859
4399
8788
7572
2483
5992
2862
7351
6625
7580
3029
7605
6410
4980
304
2788
1996
4953
8660
4296
5211
4573
7613
2406
6
2736
2546
6028
2735
3432
1245
5464
8344
7994
1453
6005
7388
8121
8669
9850
119
7875
671
1827
9191
2485
9466
3776
8466
8485
4117
4844
779
8621
9857
772
1898
5810
8595
3849
3256
3897
7909
2198
3368
1590
6156
5747
433
3063
3744
1708
7418
1873
9320
5360
8054
2931
8085
616
375
4321
632
5515
9415
8513
80
9064
6950
1050
2538
2919
3965
9363
1860
321
5882
7958
1888
1707
400
3771
3092
6872
9529
5635
8872
2199
3103
6417
6200
2081
4394
1884
2973
689
7446
368
8742
3007
3634
5515
4730
4336
5784
289
5809
5761
1933
6800
6537
0
5847
4738
9615
8483
8475
5194
6579
1360
8553
3340
2834
5203
9954
2468
1615
3526
7690
9834
3817
5918
3660
1012
9861
4663
2947
9019
6097
9016
9736
4
4501
3781
1569
7053
1068
2123
6097
4201
8399
6999
7545
2356
2120
5363
151
482
8677
5014
2386
1621
8987
3904
546
591
8911
2417
6456
4793
5119
4424
2739
1014
2936
5191
8612
9178
8311
2005
475
4456
3354
754
5066
6765
1045
6318
4032
3500
7111
4899
2433
4190
2497
5290
9757
4097
7382
1826
2750
9466
6793
1581
8863
8182
3741
1499
3341
2053
1873
8831
620
9892
1576
2808
855
6920
6729
1444
9078
1246
4415
322
3234
7906
4221
8412
1777
625
2299
2073
8605
6302
9206
604
7016
5945
3431
3056
5884
452
6080
8159
8501
6720
6147
7226
7713
4754
8141
9700
8487
7063
4518
902
1281
2024
604
3685
8840
4571
2170
4665
2812
2254
7558
6943
2298
7685
460
338
8668
9866
9153
6563
3413
8901
6479
7537
267
1919
6786
5050
1754
2862
813
7575
4210
6158
3674
7699
5310
9653
2814
7518
2111
3509
3545
3074
6773
8699
9138
7565
3909
1129
1416
6119
4629
2241
4150
2615
8488
1097
1589
9999
8144
4838
7705
9927
4679
8306
8200
1696
7585
3949
6541
119
5216
6901
1728
2083
9850
1135
4541
4488
1732
932
4820
7494
4048
4010
852
5214
7361
4511
599
1993
3200
4964
7179
7471
9932
7332
1963
5598
8933
5384
7294
2274
1292
1936
4039
5506
2170
1360
2397
8010
2248
7121
2268
2976
9613
9633
9894
9629
1293
1502
4582
7281
320
9385
6425
6763
1376
9036
9391
6704
3254
9028
1288
976
3702
5605
162
3391
4882
8978
3306
8501
1060
2769
2327
3934
954
7106
4845
4413
6212
985
3530
7919
5320
911
3869
4541
9233
1743
5202
6417
1443
3244
1068
8879
8903
9838
1853
2096
7538
6736
8825
2549
8790
8833
6367
512
7078
5759
414
6827
496
7158
4571
6037
3802
5920
6225
385
8401
9966
5502
4105
8010
8864
3215
7925
6271
9211
5533
3450
2443
5424
1883
9834
2878
6223
2224
1405
2101
7472
2680
9495
3988
710
3513
5880
2698
1561
1390
5315
4931
976
1408
3246
7364
2184
23
9198
4078
9007
7608
4095
1835
451
6895
8356
3447
8544
1262
8093
4371
4483
7944
1329
6538
7823
4747
5970
8466
3437
524
6205
7699
6243
7672
2064
4321
3485
8536
7908
2191
2601
1876
314
3309
1759
6915
2715
9978
8889
7647
6048
815
337
778
7171
2277
4893
3692
6324
2810
1222
538
2674
3492
9361
2598
615
1993
7612
8649
1571
5283
4366
5226
7818
980
2271
4175
5992
2541
6366
5515
1904
6195
2145
5686
3665
7081
5052
5421
6906
1771
3916
6305
7855
545
9263
4638
5096
5029
9073
1042
2012
2450
3651
5167
603
3637
2443
6491
7573
5207
3237
8317
4219
2042
9876
1091
570
7162
6981
6092
7550
9844
7868
846
4628
220
352
539
7249
5510
1559
2963
3116
2842
9232
5706
3494
3308
417
8765
8992
3539
9737
1214
9914
9079
5868
7712
4290
7973
2259
7977
678
7869
4066
3758
6869
1858
813
8882
2429
1745
95
758
5384
6796
3038
6586
7069
4518
8998
7792
708
1179
2092
4374
7667
8840
7578
9646
1331
8605
3264
5665
2471
3743
5520
9702
5127
3413
1021
5318
4228
7457
6264
2503
8401
9364
9585
5792
1180
776
9264
7832
7405
1809
5252
9002
5380
1542
7658
7519
212
8579
3370
1462
2648
4086
7329
5077
1956
8423
1993
9463
7764
9560
8669
4171
32
8940
7388
2920
5493
4476
8883
3250
341
5614
3055
7352
9542
103
3390
3450
6057
4130
5462
8738
4637
5024
5413
4485
5813
7755
6658
4625
7563
1437
2443
4292
4986
4154
7401
949
9175
9697
8859
26
7217
7293
2276
4303
9753
6728
1402
3357
1075
1406
5674
6667
7621
5930
454
8471
7083
2186
6642
2995
2312
7328
7514
8527
1117
657
5147
8744
9586
5788
4128
6020
7939
7724
1872
2197
9531
6312
4089
4310
6592
5750
1668
392
4760
8546
122
4671
6201
7388
2872
3803
1138
9508
3745
2936
3757
2461
2
9417
4551
7090
9320
4721
8485
390
2638
1467
3351
7276
6074
2510
151
6290
2425
7521
6949
1070
6292
6740
7782
702
5665
4595
8440
7690
5263
225
8047
750
7364
8360
9281
2359
1739
9707
3910
2647
2949
5991
9856
445
8046
3635
4124
9388
3257
9019
9230
70
2789
1309
3141
8428
9254
8390
2308
8371
5652
2681
5227
9319
7683
7049
7044
9542
2740
8194
962
8364
9279
5246
2974
3690
7835
4945
7184
9495
8764
3084
3281
4786
3964
8430
6926
8117
7264
1056
3013
4024
3044
9936
2294
6947
4432
3642
3933
4581
7339
6343
8880
8573
4923
2201
3042
7230
8090
2924
2056
2565
2576
6985
7548
3964
1313
6409
406
2049
7667
771
900
7435
6622
2921
1047
1242
6185
8893
2612
5519
7426
2651
3576
7586
1945
3877
3264
1274
5711
5389
7283
7357
6406
9697
8138
2263
6014
1401
2950
5675
6355
1456
1818
934
4804
5194
9426
7691
6579
676
4229
9600
7312
8301
8876
3831
17
6894
1303
8534
9095
9929
8405
4809
3429
1122
3499
9786
6541
6427
4813
112
6177
4109
2898
6783
2403
9431
7514
5940
3583
4317
9953
784
9147
3548
7549
7165
2428
1254
711
1074
8101
3842
8972
1921
8797
6337
1623
5439
6825
6278
7562
4800
8467
8264
4742
8499
6869
2677
9724
6696
2006
3566
2920
8592
5079
531
3460
4908
6276
3525
8387
2350
1352
4216
5301
4595
1009
5454
5207
4895
405
7224
5455
9978
2957
2043
6980
9805
177
3200
6770
2281
1548
1702
7498
8975
4175
8486
2397
1189
8411
5132
3008
7646
771
9475
1627
4375
3935
1825
8250
2480
8443
7533
8175
4313
4945
8077
4673
5673
9424
1422
5313
7672
8912
2131
8395
6436
461
6821
5006
5599
8104
5441
3475
7332
1281
439
9503
601
3097
3947
4126
8944
7405
505
6517
9643
488
9807
8801
794
5612
5942
4107
920
2271
1859
6774
5102
0
6564
9881
4623
8158
8758
1834
1781
5338
5802
5454
7942
2518
9644
3726
7986
7055
7321
2396
2215
1243
8634
8832
1568
518
3014
8295
7330
6642
9490
7096
2796
3941
8255
1950
9552
8602
5522
9959
2156
5875
1481
2428
9029
285
8044
8029
2330
3333
528
3080
3466
4082
3888
9606
5015
9633
7526
274
5487
1910
987
9077
1823
997
3847
3989
3542
7080
4688
8226
6729
1366
6612
6555
5288
7480
9559
5089
6945
7137
3442
4663
4028
936
364
2222
4275
751
5090
3579
3925
4179
9762
7817
8961
7786
8287
7697
3306
8642
2233
6789
9138
8144
6480
401
9036
6867
7079
6017
8776
6283
2422
2847
3118
1425
8993
5427
3845
1774
7905
7775
1708
2427
1437
9065
8956
9194
2179
6480
7317
480
6303
8809
8306
4871
9447
2233
4226
1037
5963
4187
3195
3048
9646
4567
6144
168
9175
5256
2122
4551
862
3971
9974
3136
5612
7594
9162
4933
8036
3885
5575
162
3702
4101
2286
9718
7739
4622
2898
6433
8182
9982
4801
8538
3217
3943
2904
1113
6516
8938
5420
7220
89
7326
4949
3400
7504
4336
1335
2049
4453
5891
5760
2463
7156
6617
7370
8387
9234
2563
8043
6171
7116
5880
316
5084
2890
1067
1722
389
9909
5063
5591
3179
5489
8725
9331
1039
8569
5184
3758
5950
9835
9596
7208
2256
4088
5229
7147
3130
9572
7475
7052
6369
2278
2308
1366
749
8930
5826
5055
6637
4880
8222
7749
1410
1142
1381
5407
1518
7557
1540
7048
4176
7685
6082
4823
5493
6060
2658
1028
92
9518
4941
7629
1549
7053
7970
3198
1306
7156
8951
2602
1284
7348
7045
3457
135
6592
5399
255
8539
1682
8284
5541
8104
4766
3857
6095
1450
1381
9946
7857
9295
4268
1539
559
5447
7252
6766
2936
6692
8454
1619
2407
332
1414
4126
614
8920
543
8284
9673
6202
5985
4214
5016
7366
4496
1962
3148
5720
6280
9038
4464
1855
5301
2927
6389
3543
1695
9145
4591
4334
6613
7229
7194
7250
2640
1406
8527
8866
1708
5966
1887
5236
430
8113
2114
6516
1697
6830
9202
1428
2765
676
5097
8184
7018
1410
8573
5971
4131
144
998
8067
7527
5501
7785
9446
3947
1284
7944
7465
6429
3012
1940
5516
3874
4598
775
2238
4873
1706
8390
9791
5716
5563
3292
1834
3822
8873
5068
201
4667
3741
8813
7524
1471
8464
9629
1490
1332
6856
2054
7515
1983
5982
1071
9828
5058
4892
6638
1051
9578
3885
6722
5578
5520
9398
7284
1772
8291
2215
6081
2700
8
9173
7887
4023
6806
8722
6078
9555
9850
9904
1408
5667
8668
1853
2080
8257
4589
6646
3594
2260
9947
8788
4503
3674
5046
4947
9361
1656
1828
1457
8164
5868
635
202
4131
7171
3199
9992
6512
5726
407
690
910
1250
1359
161
1127
1645
4616
9984
9938
3303
2332
3502
8933
5386
4067
9807
2105
9117
6895
8397
1539
2480
1034
1768
4119
1700
6124
3782
7887
5884
124
7948
9235
9628
7592
9136
7982
1359
8027
3613
9658
4139
9409
2057
8797
8698
5924
5428
7274
4466
6162
7258
2446
5873
280
2649
2847
1331
5414
526
4330
681
9585
6183
5782
5936
4163
3734
2181
5161
8911
918
5363
8146
332
9790
5948
6880
7613
3455
3175
2507
4390
286
3888
6568
8297
7987
3109
220
6958
7669
4829
7106
1644
1072
9330
8796
1473
3989
1676
7341
2925
5410
2954
6894
5500
2683
1941
654
7456
6295
8772
2392
2382
9959
5974
9791
7545
3460
2881
5553
2210
4347
3980
2026
6402
7244
2868
3834
8935
2164
6541
3640
1390
1728
6686
6470
5665
6283
7182
5801
3609
2626
2788
4071
4321
9654
5570
8908
990
239
4645
7408
2431
1857
7434
5332
6954
9043
137
8217
8032
4732
7938
2748
5695
4947
6486
2771
6429
6005
8834
9802
7485
6263
6331
3583
8408
2906
3239
3470
4953
6176
4377
8468
106
8719
6476
2412
179
2974
1679
4079
3565
4602
8744
1598
8775
4325
7676
2159
4332
9305
8289
9549
2817
5742
6246
1762
1163
356
8568
805
6957
6917
3401
9023
7316
9747
6463
1463
8912
4229
5711
7681
179
9909
4580
5051
2233
2859
3564
1328
4310
4772
3018
6792
9500
2592
2846
9696
3188
7006
4318
939
5969
9847
9901
8025
5785
4513
3582
6118
961
3909
9104
9171
4788
8235
9197
8718
8575
3189
2418
3031
9663
3802
1588
305
6376
7351
309
8315
3129
2038
9091
7831
2713
9318
3648
261
3626
8861
5648
1589
4736
1312
6302
880
9211
2895
1790
1724
6315
4134
8721
6432
6003
8829
5569
6256
6044
2756
9357
5419
4702
8582
2414
9035
3806
877
4793
2182
7037
936
5072
7469
5519
4973
6327
6729
2894
3366
1272
2474
6067
6545
6945
6120
4333
7874
3441
1840
6921
1419
7870
8828
5840
1426
6399
6047
1328
4965
1885
1646
6542
2773
4867
5464
4958
4514
5553
178
6367
9264
3662
9839
9403
5363
8384
2281
39
8913
2569
9573
8395
3440
8014
8143
4758
5726
6575
7864
2711
812
711
1710
8927
4521
5551
3566
6657
2441
7878
4587
2836
8279
9064
1941
4461
4932
5810
138
7416
3033
3656
6027
6790
883
1221
8165
403
2320
103
1946
2131
3019
6073
2876
7645
386
732
6794
5349
5350
7355
9920
9397
1574
3423
1711
6318
9808
5656
7790
7391
3475
2802
7858
2551
6117
6174
4250
7099
7493
4959
6147
2149
4392
6621
4285
5939
3473
5234
7896
3467
9215
7949
9547
8806
4990
1915
8646
6922
9603
5023
9744
6500
6326
6176
284
7565
766
2984
2139
3923
1002
2395
966
4196
2117
3643
1442
7172
7921
8729
3602
9411
9907
6185
8528
3654
8192
8946
9478
7416
1132
1978
2287
5014
9152
1560
8202
8090
8670
5120
2963
612
7649
6184
4420
3453
8265
7026
5297
4296
9696
8561
2677
5557
2892
1846
8754
1396
255
1972
8099
538
9554
2667
5989
1657
9923
588
1184
4144
8726
5945
4970
9206
8371
8530
5650
869
9558
5503
7335
107
8126
9252
714
6170
8696
2827
185
6863
4656
197
7091
1742
1013
7494
9177
3451
3232
3476
1096
4571
1580
3123
8407
1453
3849
2041
4801
7095
331
6956
7897
5689
4364
7855
728
215
3405
2686
7531
2462
6709
7638
4374
2410
3388
9616
8936
9217
4543
326
4412
4686
4202
3048
8748
3129
3440
2194
2127
9908
2816
5840
5452
8682
792
5783
6075
9068
3392
1688
57
9346
4264
4773
4677
786
9262
8567
7358
5267
5963
8801
2991
4691
7860
7243
1856
3307
5379
238
1593
3789
8756
8970
3822
3632
5313
3559
6934
4187
3798
4379
2830
6405
2130
7294
2133
1411
1288
8393
4497
2351
3920
6880
5766
5542
5204
1911
8312
2714
6650
2661
7313
9016
5726
567
5589
2845
8965
7427
3621
5689
5587
4318
9723
2042
5295
6840
3657
1444
3439
16
3085
9961
2740
6797
1660
7834
8973
6113
4718
5178
1882
3350
6488
1011
1184
8937
4774
8086
6384
482
2978
5286
3510
7741
3952
4878
7645
7492
6457
1772
510
7971
5612
6571
6915
2313
8728
1360
5147
596
9058
4984
3079
2785
256
6494
3188
9499
34
561
2011
9714
147
8928
1191
816
1704
8063
5646
6396
4927
3364
3249
9251
6261
6185
5701
3498
7175
9514
6972
8168
2484
2453
3198
9536
1002
9700
7357
4626
6025
515
3273
7369
2743
8839
5291
1514
6525
2153
8348
45
5907
7346
4840
2004
3018
1504
7444
3223
1600
399
4136
1655
4578
4058
7602
2622
3251
190
9596
6628
1662
4353
693
1191
2415
9241
3074
6129
5366
990
7875
1072
4412
6282
4429
9639
2999
7231
9809
1520
5655
6268
919
4204
135
6165
6844
1538
7941
9888
3662
1044
1692
9734
458
3479
4228
9962
4565
3551
355
4466
4020
7387
8867
4457
925
3466
1401
1059
5811
3124
2940
6796
6394
1184
2433
8295
5317
7938
4151
4951
7255
1016
7061
1551
4924
3058
5434
4336
3873
797
4718
6888
6060
10000
46
1903
4406
2618
3568
6698
23
2464
200
3954
6217
8370
2353
8152
2729
2327
8233
971
6557
53
5798
183
7670
6608
6345
2242
4742
6230
4278
859
1442
695
5498
5776
1415
123
4555
7875
7243
7043
3624
215
8535
7892
325
14
2192
3759
1915
3766
7308
8458
9787
6980
5524
2183
1173
3823
3094
9620
9130
44
1547
8682
8053
1611
5088
4867
8371
4868
7918
9748
3982
4613
6481
8901
7643
2691
5474
2947
2396
560
6575
2516
2845
1871
7760
7637
2445
9683
4175
2676
8841
6776
10000
8009
6578
543
219
4050
1918
4888
5378
5189
3927
6324
9681
6644
1060
9670
9402
5078
9398
2217
5783
1148
9281
9628
4257
2077
273
5117
2316
1778
1530
1812
5063
9614
4022
5401
5080
917
7598
7922
6498
4291
4339
3342
3980
5910
4586
1818
3101
9522
197
8198
8278
3349
9541
7872
513
2556
5944
1595
7282
2289
5130
1718
3826
4845
9949
2539
9738
8888
6554
6584
9570
3125
5817
6678
8831
5715
3580
5001
8336
3129
8651
3482
6962
7550
9553
237
3698
9225
6662
4175
5249
6640
3617
9955
8548
4642
5634
5677
8630
4247
6295
3294
4499
452
5602
989
2418
4924
2959
2642
7139
2348
2935
1977
1315
9651
3089
1785
2776
5336
2121
8865
2969
4763
3462
9925
7975
5394
2879
571
8347
2858
6655
3471
1267
9882
674
2642
1207
4593
7811
6695
8418
3754
7599
5901
5434
9114
9804
2439
1313
9432
8362
9204
4847
2294
2045
4492
3898
6340
1870
4327
4943
4421
9028
5139
8387
6040
7953
2821
9328
4386
9194
3545
4022
4614
6417
8171
1508
4721
618
1612
9344
5324
7336
8304
2992
3663
3843
7122
1684
3074
5348
1685
8925
9766
5910
8782
5554
3251
4276
1297
1800
3196
3706
9899
6151
9434
310
3170
1268
4730
1794
9949
3644
7655
2785
3595
5983
2393
2474
2634
5908
190
7872
9968
3806
2556
84
8455
869
2588
9375
3209
7787
2426
2062
5755
2520
5631
9299
7677
6000
230
9058
9895
505
6351
5405
9603
6621
3914
3159
4418
8647
3155
6040
8824
1733
3013
8089
5555
683
840
925
6215
5318
1118
6329
1020
8630
2977
9617
2927
1764
3254
8971
7730
2692
5260
6412
871
6263
9216
7161
3522
1890
4807
2445
8551
142
1665
633
1911
4788
8318
5059
6918
9256
3997
6733
9033
5390
575
2910
4089
1571
1100
162
4907
1196
11
9226
2525
3488
5121
6135
3255
4503
2934
6038
3311
756
5042
4235
4581
4504
6799
2976
5349
6729
2907
3934
3331
7719
8228
4114
7488
7245
1644
1867
2408
4111
1676
9618
230
2085
706
4037
9417
5943
6352
5781
9031
1053
977
8368
8297
4250
2952
200
7678
4264
9523
936
5846
8578
4680
2893
7605
3090
1273
2599
9856
2245
9997
9471
7727
8819
2062
145
297
52
3162
317
5178
269
3141
4367
4232
1847
5702
8550
5841
8281
9263
2331
6482
9067
1535
7885
2355
2796
4243
6305
5038
3361
3622
973
5052
3826
9610
1679
3657
6340
6072
4738
8412
5182
9353
8878
4990
4866
4908
9260
6106
9350
6264
246
8983
6052
4508
2891
172
4804
9771
8714
7461
4797
1691
2041
1626
5786
2741
1025
3620
5946
3272
4893
9100
4582
6086
2319
3349
7848
8266
2334
2137
8912
834
7953
3585
3369
6176
6131
5206
4240
6775
7037
1870
4709
7466
4307
4412
6730
4843
216
6061
290
9998
1148
6438
2905
6894
7443
6842
6828
2390
9090
6382
4967
6341
9052
7935
4354
243
1017
559
4162
9968
3149
2331
1412
7103
7767
6522
85
2358
5931
7758
7963
5595
6220
2275
8783
8804
8299
5688
8740
1783
3191
2596
2317
6851
7985
7187
7271
4574
199
1019
7921
4597
714
9204
2811
7880
5461
1835
215
9026
2368
9633
5127
8740
3737
4180
258
4579
6914
9536
1289
5427
2093
8540
9249
623
5361
1282
3809
1747
1569
8069
3689
5463
4671
8502
3134
93
2600
7943
8906
6676
6680
5144
812
2188
4710
91
4670
1933
8406
9549
3421
2160
8693
6345
153
3126
9625
9834
8424
7768
2748
8318
1777
3270
9972
8414
7339
2917
7837
4405
9847
5359
5058
1100
3724
8539
1719
1840
3488
2458
5405
8578
5369
3857
779
253
6021
4346
6898
8054
1997
2175
9780
2732
7054
2284
3960
1522
306
3283
9682
9433
7231
9481
2796
168
7398
4892
9010
9726
1824
8
8426
790
8519
4237
6687
914
6269
1538
3457
2190
1844
6921
2979
6754
1758
5542
8210
8643
5131
3715
5305
7468
1102
4702
1965
2021
5086
3905
6956
5456
6978
1730
3971
6334
5027
7977
9427
1158
4437
5856
9949
5457
9960
2247
2090
4255
2397
4174
1042
6045
4636
1757
3964
430
9077
1982
288
3424
3309
8876
1159
1171
3543
3625
1860
3156
6773
6067
4162
2433
1993
2530
5115
4577
6713
493
9049
7438
4872
2282
3190
9983
632
2090
6582
1238
940
4798
5959
3116
8280
5521
8075
7555
5172
1575
5712
5714
2990
5555
9604
2799
2255
5973
2569
2493
1343
3002
771
4226
5517
4240
7517
3442
546
3724
1214
9415
1878
2529
1146
8489
5104
2462
3486
4322
4744
1303
8443
6427
9295
2042
5265
2303
2807
2547
1171
3412
9216
9937
3457
4640
5684
830
1008
9262
2577
8853
396
6729
7580
2761
557
8116
7680
3857
7396
5556
3486
5207
6886
7098
9212
3752
1084
1569
5948
3487
1640
3618
6430
9726
7255
3272
6627
6226
4568
7433
8869
6055
3202
5246
3485
7325
9954
2387
3173
6070
1669
3720
6910
1212
4330
4649
1461
51
8058
2251
3962
1872
8736
4095
5852
7982
9090
8527
6853
813
8817
6861
9333
138
1466
8117
1716
3857
6179
2918
8878
821
8143
7026
3471
9064
8970
9662
1298
6396
6406
3124
8036
8471
3888
5529
9678
1973
792
6183
159
9526
8481
5378
4100
2223
6911
4259
5001
3787
1908
3949
9523
4926
7727
4774
2002
3809
7345
8059
2673
5444
9145
2751
5451
5230
3836
8521
8082
550
5110
5584
8186
173
9976
8812
6994
9671
7847
8176
5685
5929
2647
3481
4205
644
3197
2800
2243
8388
7511
6493
3007
8303
3213
2143
1882
277
7802
4533
4729
8757
6393
2368
8214
8813
1112
3925
1203
928
1777
9526
2027
9612
862
5774
4546
6723
4241
8697
3191
4527
3310
2562
6704
5104
7371
7930
8774
5896
485
4390
3897
7332
1533
192
3304
3090
1007
8376
6240
8366
4675
2847
5914
1108
6085
2637
7949
4257
114
8273
4859
5145
1410
8275
8261
8864
6647
9028
7557
5966
260
6511
3537
5439
7078
2355
5431
4478
1692
615
1585
5878
8345
7586
6387
8979
1004
2270
4237
3990
9107
3167
5484
2988
3906
2847
8365
902
6387
7720
8322
3372
7026
8384
24
7006
5442
4153
6057
332
6146
7377
1001
7776
5636
2306
7859
3077
5800
7288
6925
7309
2499
784
3389
340
4025
2010
1315
6894
5909
8275
4613
2153
4761
1114
704
3793
9784
8569
6937
8060
6818
8168
6348
7970
7299
8706
6455
4186
2388
4377
4689
3185
9243
2368
5967
4583
4580
7820
7559
8854
751
9934
3179
6654
4788
3902
341
3401
8041
4548
4807
5087
1044
8900
5890
3272
2107
5482
5624
5462
7936
1525
5045
9328
3401
2839
1399
155
8235
822
2636
7605
3014
6915
8815
5826
4510
5746
6146
8347
3306
2316
7924
2075
1290
9058
1191
4242
675
522
3668
4770
9321
7207
903
3550
5681
7466
9764
7970
5080
3694
6351
5107
5561
8749
6759
1813
7089
2064
8531
6423
7695
8166
8695
956
9560
7316
1967
9833
1329
9446
189
6160
3548
5713
1869
7250
1686
6026
918
4870
3374
4765
811
6422
440
1979
6851
532
7666
6127
3654
8003
4218
6142
5935
8500
6067
764
8392
2446
7215
7320
3439
9754
2938
7899
1070
3092
344
3396
9070
3474
8790
283
9469
6973
9516
8062
9266
4352
4092
2802
846
8060
2520
3912
5605
364
9814
3968
3643
9031
9159
8230
3909
9358
8768
4885
9206
8239
1822
3486
6131
786
6297
4948
8318
8667
8588
2096
152
1961
8319
5863
1710
5308
7403
5512
8880
4956
8237
3744
5739
3404
2319
1583
8720
1487
6965
3182
3160
6830
8653
2232
3740
5065
7672
3337
8181
3718
3745
2111
1623
6824
7934
733
1765
6669
706
623
4583
6628
9284
7520
1462
7491
2379
241
7505
5525
442
4785
6452
5282
9803
3342
7821
9104
765
3191
1865
9292
204
1981
3768
3807
9994
9384
1795
47
7028
7598
7678
7285
8062
6188
5281
7757
6142
663
9798
5
4541
9400
1678
432
9285
8953
9655
6637
2907
4086
7213
280
1530
5455
7108
949
9871
5006
7012
2188
7513
6202
9864
8507
3217
947
3453
9513
1416
3446
7773
6322
8315
2060
4975
49
7043
9975
8235
4262
2930
9473
8407
623
5020
5014
11
1609
2601
6513
6012
3704
9554
3571
2404
3165
3029
6226
1187
189
1948
6115
4921
4508
7418
2555
7915
2478
9571
1838
2791
6742
8630
3865
4931
5353
8159
1505
715
3996
4329
163
8705
9321
9358
6813
8716
6595
5064
7438
24
6690
7453
5929
9765
9569
6309
9239
5050
5091
3730
8451
7574
5327
7260
8910
4878
160
8737
927
8781
4917
3202
6136
4503
8803
2527
7637
2592
7748
7369
6931
4038
9901
7555
2418
4922
8044
6835
7721
1668
2656
1801
1317
9993
8874
7750
8276
3843
6870
2604
1829
2612
7200
6628
7464
1703
3820
5811
1575
4073
9945
4479
3556
1660
4765
7239
2880
43
4859
2426
8621
4217
8381
4146
2376
8331
4402
425
1613
9393
4012
5180
1318
5866
2362
9809
4851
9472
9890
2439
8149
6294
5669
9380
8386
3407
9920
5786
4742
6220
2233
9384
1165
3194
6221
8284
9311
2242
4521
6082
1604
1031
2673
2370
6189
8812
6319
7706
3014
7819
9296
6252
3012
1534
9642
5344
1442
7560
3318
8203
4064
1962
8294
1118
399
7779
2867
9318
9553
7775
1748
8673
4886
8192
9492
3184
4955
3540
1101
5170
5798
5843
651
2198
8910
4138
124
5940
1308
9721
280
1615
9046
5222
971
2768
986
7399
7851
506
9621
7712
1847
2719
4450
100
4332
9928
6151
1484
8085
470
651
5215
1104
3748
4380
3859
5632
9609
2917
3449
3032
9268
6331
9684
6687
9551
5460
3537
246
3655
1641
1699
5931
9913
3885
1750
2732
6222
5328
5532
4323
3171
7284
8815
7592
8510
8556
4874
9184
3831
218
3545
9407
4190
1730
9337
1859
2968
3604
7369
1811
1329
8069
5798
2788
1342
3540
5814
5417
5250
9694
7747
3710
1614
6742
5808
368
7223
6732
1732
8818
3656
9013
2743
5896
3794
7505
6668
6623
3915
2598
1897
8652
4751
2597
3298
9272
422
3844
2272
843
1073
286
3522
563
7645
3533
6068
9590
6277
2779
6393
754
4729
3243
3947
9979
9637
8453
4267
6912
1967
6889
2224
5694
3232
6333
3221
9141
7637
4070
9371
6261
8020
5133
6900
5606
3862
815
8314
5575
5451
7394
7775
4621
6582
3192
9484
9135
9584
3840
9722
3685
6307
8253
3747
1917
4519
511
7805
1335
9725
5644
9381
696
7594
8088
7833
9623
7810
9654
3248
7876
7293
2614
6669
6030
6666
4560
8461
6366
6013
5830
7713
1679
9647
2068
3003
6525
4800
3010
2082
7007
9590
2032
7338
5042
8232
45
1339
6909
861
6289
7882
3723
9475
3408
2151
8888
9065
7528
2510
3405
9349
7885
4492
2900
4056
1315
8074
7578
14
3388
1824
8144
8838
9549
7053
3731
9062
385
1500
549
7558
4977
5501
3104
5183
4863
6960
9101
3382
535
8812
3973
5932
7766
5900
4272
4431
6988
4584
5687
7594
923
5788
4936
1807
2372
9749
998
1809
5484
5844
517
4510
8785
2261
4899
5400
6434
2525
7990
701
3890
1905
399
19
18
7348
9051
3856
5444
6399
7373
1798
969
3812
9830
305
6518
3021
1879
7584
8868
7566
3482
6046
881
6577
8097
3182
129
4604
2919
9686
9600
7764
8995
9268
2515
1260
7453
7472
3380
1396
1512
2485
8664
4402
9934
831
9936
267
3116
8935
5706
980
3460
6053
4644
9380
5466
1738
4785
9435
9147
1971
8118
9250
253
9316
1393
2423
6939
5535
3244
1205
6395
4668
2123
5472
9075
9790
384
4129
5964
3853
247
7757
1344
5192
5160
7990
4280
7346
2219
1888
2010
6451
5744
7855
7173
1952
3960
3183
4965
8094
8919
1968
299
5113
2345
3566
4420
290
7278
3637
125
122
7304
5970
8783
4554
7571
5754
4114
2700
1565
4733
8600
1729
8330
6061
9785
3929
6278
7863
4380
5861
9117
663
8993
5655
3032
4374
4876
1948
160
303
6198
1488
3301
8069
5355
4885
8749
3979
4871
8279
2282
5959
9421
3148
9974
656
3669
7868
412
8078
1984
3210
93
442
2693
6398
1069
2128
8456
9706
5133
9570
2769
7422
9603
5201
7315
2051
826
383
1783
7126
7508
9288
5315
4862
365
4411
8356
9401
7889
6139
565
1297
199
9720
4530
1224
1828
2662
1146
9162
9881
7374
9657
368
4655
8039
2199
6591
9567
3053
2498
2295
3342
3727
3961
4288
342
4319
3458
3413
9318
9877
3431
9362
2337
70
6970
6087
9069
575
9833
7184
2326
4763
7629
6273
4950
7620
5745
3257
2619
3031
696
4825
3854
8453
1890
6827
1692
1909
3167
7552
1152
1903
953
9963
2846
1925
3791
6643
9101
3230
2466
4151
4825
5401
9253
3391
4739
1842
6212
5485
7954
9973
5453
4847
3323
1403
8269
7161
7485
5107
8695
1555
5086
1802
5104
6182
4281
1022
5557
7434
5405
536
5337
7900
2003
9930
1352
5732
5942
961
644
1676
8725
386
2315
3188
3211
7482
964
5393
3138
9581
5393
6288
900
9435
5871
2826
9486
5600
5938
1396
908
2127
7845
2092
6771
7013
7049
2197
1226
6890
2050
3819
222
162
4123
8042
2780
5536
6957
5891
3881
2439
6058
9322
9192
6570
10000
4420
6694
7117
2870
5856
3969
954
2811
944
6547
8180
9914
6365
1630
8523
2183
1413
3392
7638
3890
3721
11
6208
7146
2932
4443
4633
1885
9239
8075
9264
1058
7770
6497
7318
9025
8186
2114
4548
3173
5212
8562
1666
9148
9700
7650
3012
8446
4740
4039
1811
1446
6480
4623
9618
2842
778
8127
1148
5301
5648
8223
1236
3321
1291
8404
7307
2943
4873
5406
3816
8120
8415
7090
4561
6996
2754
9760
4607
9266
7286
7152
3837
4732
1484
8072
3509
6741
6749
36
3746
3105
2037
7835
1084
8205
3361
3748
4412
4375
9317
7098
6265
4328
2593
5758
8801
2150
9212
9147
4425
3054
435
3125
1476
4209
2977
6212
3026
5983
4858
9361
1495
4967
7548
4522
6269
3466
2946
3653
6432
8942
8733
2557
5589
815
5082
8930
8293
7942
716
6278
7337
6119
4243
1433
3098
9364
5580
710
8981
4632
4582
2828
3511
8015
2325
1202
3332
979
429
1378
8833
9192
4733
1374
8262
2656
6525
9142
7736
9598
3290
6780
6727
6762
578
7175
203
2421
5385
1154
7645
6698
3272
6018
9726
3229
2826
7683
2838
6537
9920
7556
161
7607
6754
9355
5395
7542
2466
5912
2264
9981
875
6011
1167
1168
883
9649
4681
8610
7647
789
1779
2096
7983
9426
9724
1955
2727
1558
3390
5472
7025
4019
485
428
9992
9839
7038
3901
3837
2644
4021
1479
4634
7715
2903
9991
1618
4429
4962
9535
8861
6131
2529
1833
4342
1693
4033
7648
1346
6171
5375
8175
3766
8149
6952
1959
586
6716
8031
1918
8190
1924
4277
2699
9392
5981
7944
2927
4944
6130
8304
6899
8981
9435
8582
727
9314
3694
8061
8678
9262
4673
1841
4647
8609
5204
3837
2809
5093
4198
8469
1503
3418
4514
2418
4355
335
5689
7822
3906
7830
1399
482
8385
3028
5644
1795
2228
6475
2316
3622
7758
4550
5043
3813
7447
6136
9681
8134
6096
6828
498
7095
6815
9895
2411
6426
1700
7215
8873
7553
4450
343
5974
3079
5765
7233
5163
888
5495
9133
1857
6316
7084
8624
9414
8405
6774
1006
2513
6751
5120
8924
1318
8350
4578
836
9241
8268
7753
5434
3462
4191
9986
1966
3417
9736
3328
1149
8002
7454
6799
6058
1923
6643
2969
7372
7416
4218
8176
7020
3592
5240
3607
8962
3505
4829
9007
2600
5248
3240
9975
6603
7317
3140
5069
218
3891
3887
7249
3420
5189
7282
6857
5684
1055
8136
383
3092
3803
1245
5100
8118
6303
4063
3484
8162
3280
3530
7018
4614
4726
5359
3871
7656
2090
4421
4041
8387
3814
1978
9221
9296
2064
7976
7744
707
246
494
6278
7478
5660
715
2002
7023
561
8961
8516
483
8516
9958
7500
9713
5794
1270
5020
3418
9360
9318
4370
7614
6707
6509
2331
5053
8511
9647
1903
5807
6499
1670
727
5782
7398
9973
4092
5344
1310
2685
4298
3018
6639
6765
4583
9058
5457
419
8092
1084
7235
2343
6345
9929
7638
8937
8345
4220
1918
7398
1917
9285
7545
277
5113
8451
4097
5865
3405
8020
2506
9113
355
4507
2499
7940
5426
7298
5403
3205
4048
4454
8192
9987
3208
4425
9297
9592
3337
1391
7747
2750
5032
6492
3840
5360
1824
1030
1250
9171
3655
100
4017
6985
7180
9086
5744
1867
3720
6893
3222
7824
2262
446
2895
8452
4701
3230
6542
5897
4090
3174
4733
9693
1556
7795
3120
4129
5428
5122
1539
9877
4025
862
6279
5242
7791
6452
1361
1541
3109
4652
1326
6877
6857
378
5606
4936
7543
4421
126
8916
7966
7348
7888
3764
6522
2610
1321
1872
3576
7713
4854
6508
9625
9184
4525
9858
5797
6447
258
7584
4882
7022
4103
5417
5000
2806
5174
7501
4534
1105
1180
9717
7364
2153
2327
7626
3219
6636
7844
3822
4821
2706
1295
5555
959
293
6225
3336
7508
6866
3036
5399
9167
7776
7211
8081
6363
7100
6411
296
2536
3492
8291
571
7222
7342
5719
1251
2149
4482
2099
9449
1643
6198
9098
7479
3670
7149
479
6846
2113
1349
952
771
7846
852
3375
7335
616
9642
1515
8604
3211
1300
5135
1637
5719
7119
6716
710
3421
746
4883
5224
2741
3073
9059
5549
5354
2789
6655
385
5653
2278
4691
303
4779
7551
2872
8340
9731
9183
3261
7950
2442
7506
2880
5821
2034
6297
6643
290
9906
2542
795
3449
504
8905
9422
1614
7581
66
8462
8056
2651
8049
999
4513
3006
7769
5494
1501
313
7113
2594
9739
2205
1008
9187
9020
9246
8821
8493
4366
9902
6540
7507
4522
6591
8923
7236
9813
9667
8025
3938
4438
8549
4597
9110
836
2149
7509
7332
4032
3377
6790
982
3227
1245
8351
9875
4791
3885
1389
7467
228
1093
3724
1020
1489
815
870
3319
2791
2147
2730
2626
8326
4786
971
5643
3381
6482
2744
5287
1757
6316
9876
2945
2473
9084
7165
7033
8779
2234
420
2945
9843
6234
7314
1330
2852
151
5385
7201
8260
7929
8394
9185
1705
4894
7366
9647
5676
1799
378
2919
4856
4268
534
1442
343
4169
5912
1319
2001
1960
2521
5022
4939
2895
4776
347
2580
4070
1323
5832
4836
9601
7552
3005
3268
1305
4031
2239
8130
2738
5847
7961
7997
7340
2555
6264
8074
7473
255
9129
4808
1646
3908
9500
9616
6934
2501
9859
4308
978
5686
2937
6333
8690
8121
1098
7225
7431
6481
9258
7302
2269
5765
6470
1597
4123
8774
2597
7648
4765
8590
7597
4759
6045
8107
7897
6293
7612
2522
2459
5667
5311
6142
1877
1066
2686
4235
6021
1418
6420
2188
6782
7709
4502
9028
4071
6257
4297
9816
5373
698
6444
3848
9307
19
6416
5875
3857
7925
8466
7268
9672
8545
7802
4261
8852
4219
20
8977
1135
9864
1806
7699
5987
1407
1701
1083
9173
1283
965
5080
8750
5749
9088
5789
4097
4872
3584
8291
5839
4937
4056
4919
7961
9371
2580
1858
5940
3980
7371
3012
495
3474
4424
6845
6291
9885
3724
5335
1321
3233
4160
9036
8466
8847
4930
4538
4513
9350
4057
7687
9353
5375
7646
2213
2625
2820
3619
7785
2485
5161
5188
6316
4307
7795
2703
6758
9942
8927
202
6041
2480
1766
120
5451
7257
70
4179
6967
2642
4903
6181
791
2224
9952
7867
5779
746
4653
4636
1770
3963
5904
4379
6768
7210
6247
7168
2973
7725
8258
6015
2598
3552
1069
1389
860
6057
838
1126
5856
2555
5748
1830
7241
9610
3304
139
754
4933
5983
8696
6641
1034
3926
6335
7654
8798
3241
3186
2714
3741
2493
4517
1054
8487
6880
5260
6113
216
4757
7591
5040
7503
6853
7082
7874
1654
262
7495
8613
4473
4949
8625
5642
1974
4414
6228
5837
4785
9074
5077
1132
2363
9995
2641
1939
7177
1558
7267
1819
3035
9429
8331
8805
9799
9938
8085
7843
4063
7472
1768
6496
4478
6242
8560
8991
1726
9271
5608
172
8055
1358
7101
7924
9126
9413
8385
2820
5477
2968
8026
3679
9775
9544
7559
2087
7942
1102
2146
3547
6511
8303
7100
919
4157
1782
33
6491
6938
8039
2016
1128
9008
122
1650
5368
6162
7261
4469
2244
6297
2074
3786
9794
9143
8199
3309
7550
9187
5360
8366
935
4829
43
410
9544
7470
4972
1202
4090
4354
9022
6254
909
3593
4712
9764
2948
1793
6005
1766
8217
7883
4383
831
2285
4699
7990
3810
2359
1050
794
7626
2229
6762
280
2425
86
6483
2333
4504
6802
9365
1835
274
6013
939
3568
4650
5936
280
5960
5345
3141
2402
2422
7202
6665
1837
2973
8263
1816
8012
3459
593
9979
7418
9598
3094
6662
7902
7202
8842
5902
4232
906
8991
9553
420
962
9493
6228
1308
9581
6680
9275
2660
4672
7008
2366
4761
4685
1073
4131
6123
7588
5877
3614
362
1514
5624
7985
6047
1581
7360
3771
3570
1706
514
8672
354
1174
9535
6158
8064
1504
7259
4555
904
84
17
8783
6045
2734
9389
8030
7372
7806
2718
7691
5680
7120
60
9810
5240
1212
3777
6993
4154
9543
4952
3541
3393
1270
9086
5114
7760
1359
7945
2930
1562
9378
8091
5045
4548
824
3784
8593
1887
8283
1889
5683
9339
7531
9643
42
5943
2913
5541
514
5158
6480
2426
2370
7372
51
6855
2728
8560
4201
8487
926
7256
6921
7071
3977
6278
3529
1974
7334
8248
584
8260
4181
6150
9952
7218
2464
5758
251
1634
9008
6965
2619
7766
4206
6020
7311
6415
5003
6215
2305
3387
6409
8088
9978
5278
7105
7253
8079
6596
9859
4436
9425
1065
9236
3084
238
5688
6163
3792
8169
9550
8794
9463
9067
3598
1849
854
2466
134
4331
6728
2884
422
837
611
8025
6828
6014
5193
5821
2966
4467
7064
8125
2875
3010
7547
2215
6283
9010
2122
2763
8910
8481
324
7407
20
5770
6001
160
5733
6623
4962
2194
2113
8881
8501
2161
1974
598
8652
7938
4310
8610
4394
3518
8606
5239
934
745
6173
7544
435
7965
4586
831
3512
7623
318
392
5855
4087
567
6569
7254
7751
3897
3967
7846
9139
1998
1308
5591
9590
5313
6639
315
5151
6610
1833
8203
4709
6099
4739
413
1521
8457
8500
5291
6735
3099
6045
4266
7801
3756
5
6904
4201
5548
3876
8946
619
3666
7772
4864
374
9297
5276
2610
5395
2498
1713
9886
6663
1558
8545
3240
2667
2445
4294
9885
9149
341
5036
3021
4251
559
6563
7271
6595
6398
8220
7057
8294
2629
3888
5817
7132
9141
6199
9091
3163
9304
8027
5924
9767
2336
3056
4031
1831
3862
6403
3988
9443
2420
7205
2806
3284
8033
4324
3324
5632
5964
202
5788
6253
2644
9145
1954
7346
7979
7805
5912
943
8051
3787
6246
9727
2540
1972
8065
5097
2324
1797
9761
1539
675
4300
4886
2783
8459
5923
4874
6105
9183
4901
1789
8867
2112
1682
366
9546
384
4455
6980
483
5310
304
1726
2063
7413
5725
7182
8814
4733
1028
8638
5024
2233
5074
2808
9909
695
8774
1795
4039
2239
3596
2418
7574
22
3682
813
5686
80
4968
749
8495
4907
839
7749
3513
947
1514
9425
1523
88
7168
14
9882
3653
4801
1223
3281
8450
5759
528
6685
8533
8260
6510
6148
2876
4388
7196
8605
2869
2711
3721
5830
4869
6945
5378
8818
5364
173
2359
6188
6474
5750
2332
482
2509
7899
9857
3930
5062
2537
8608
1015
6770
7520
6036
8950
5177
53
2303
9838
502
8493
6003
1320
4373
7052
3372
5923
1773
2373
8295
1992
70
4513
6978
5363
7767
1134
2978
5020
8571
6378
5206
968
5257
7882
73
1834
6346
332
7886
8353
3680
4239
8006
4449
7065
3504
7420
5405
1390
5550
568
1232
7651
9553
6960
1270
4351
5531
6851
5187
3866
6773
2475
3543
9234
8144
5406
4138
7826
5918
3451
117
7939
5003
4864
2589
8598
4338
2201
1604
3971
4715
2612
9705
8648
5146
7273
488
147
7378
700
8563
8375
4659
1514
3221
3663
5661
8260
1326
9965
5169
7194
9430
514
390
185
4131
267
9405
1218
9305
4193
4936
6657
4653
8342
1778
1140
9239
6971
8038
1293
6939
3351
2657
7070
9204
8486
96
4362
3783
775
3438
1481
6246
8981
9658
5983
40
5872
7773
7853
6638
1777
4005
2582
29
6533
8546
5911
4241
9115
6429
847
9857
4645
4409
9713
9708
1008
9803
3319
7524
9809
6568
5837
9975
6651
868
639
3443
522
6309
5723
6770
9437
3596
6836
9184
3076
1790
1249
9258
6575
9871
2734
8137
9886
2713
1519
9928
9728
497
6840
796
1980
6670
5000
9993
7198
9580
217
8640
8914
503
3804
7851
8436
8598
6410
4547
357
8921
5091
3755
6886
1822
2377
1339
9716
3261
1084
830
1791
5896
5742
9493
2947
8721
1119
7661
8388
6349
490
8064
3163
7220
1373
5537
5437
4184
6641
7048
4609
1044
6893
9347
4726
7761
3420
5111
2051
8487
